# 
# Subset of stars selected as members
# M1: primary mass
# M2: secondary mass (if binary system)
# P_binar: binary probability
# 
ID Mag Col M1 M1_std M2 M2_std P_binar
15166 10.23057 0.72924 1.04202 0.02423 0.61616 0.23555 0.49
7910 13.86954 0.99984 1.04237 0.02458 0.59989 0.24095 0.49
21398 14.89035 1.12503 1.03940 0.02468 0.63212 0.24826 0.50
23016 14.68779 1.12006 1.04020 0.02461 0.62472 0.24101 0.50
14512 15.14932 0.99975 1.03820 0.02462 0.63138 0.24786 0.50
8291 15.01698 1.09485 1.03876 0.02461 0.62694 0.25291 0.50
15290 18.46088 1.06686 0.91529 0.06547 0.44470 0.19924 0.37
24350 19.62997 1.05510 0.79399 0.06185 0.38129 0.16351 0.37
21164 15.64162 1.12556 1.03566 0.02439 0.63008 0.23564 0.50
22623 17.52938 1.11017 0.99317 0.05003 0.60615 0.25628 0.54
6056 17.64174 1.10429 0.98611 0.05308 0.60920 0.25446 0.52
7709 17.80932 1.11328 0.97464 0.05766 0.56620 0.24769 0.52
6156 18.28518 1.02742 0.93285 0.06437 0.44047 0.21640 0.41
15339 18.52671 1.05838 0.90850 0.06563 0.43538 0.19153 0.37
20845 18.54672 1.11073 0.90626 0.06607 0.44786 0.19732 0.38
7494 18.56043 1.05179 0.90481 0.06578 0.41750 0.18801 0.37
10425 10.10811 0.92422 1.04199 0.02423 0.61807 0.23597 0.49
6049 18.04009 1.11402 0.95584 0.06236 0.52374 0.23532 0.49
7539 18.06591 1.11655 0.95339 0.06248 0.51558 0.23065 0.49
15643 18.19473 1.11758 0.94180 0.06449 0.49060 0.22012 0.46
15697 18.20178 1.12005 0.94117 0.06459 0.48694 0.21898 0.45
23789 18.21414 1.11029 0.94002 0.06471 0.47532 0.21801 0.45
23287 18.22841 1.09269 0.93851 0.06469 0.46437 0.21644 0.43
21100 18.43786 1.08958 0.91759 0.06541 0.45124 0.20325 0.38
20987 17.96577 1.12021 0.96238 0.06121 0.53133 0.23568 0.51
22019 19.98770 0.99700 0.76080 0.05856 0.37185 0.15943 0.38
22747 20.01790 1.00845 0.75776 0.05826 0.36986 0.16089 0.39
21050 18.13198 1.09403 0.94728 0.06323 0.49406 0.22272 0.46
5860 18.44707 1.08792 0.91666 0.06549 0.45032 0.19733 0.37
20730 19.10185 0.99268 0.84882 0.06430 0.38696 0.16930 0.38
27350 19.72130 1.06159 0.78480 0.06145 0.39302 0.16632 0.38
14542 18.02055 1.09137 0.95723 0.06163 0.51950 0.23432 0.49
61960 18.17775 1.15613 0.94365 0.06471 0.50695 0.21976 0.50
7264 19.52178 1.00260 0.80494 0.06240 0.38147 0.16739 0.38
6868 10.77707 0.62113 1.04204 0.02427 0.61349 0.23331 0.49
60890 19.47672 1.15238 0.80958 0.06305 0.41025 0.17458 0.37
21520 18.15537 1.14763 0.94567 0.06428 0.51551 0.22333 0.49
14586 18.40112 1.17029 0.92140 0.06586 0.47806 0.20512 0.44
23423 18.44675 1.06442 0.91683 0.06525 0.44659 0.20031 0.37
60843 18.70733 1.02400 0.89002 0.06524 0.41214 0.19006 0.38
24095 18.94683 1.14404 0.86471 0.06579 0.42645 0.18480 0.37
6731 17.66897 1.07661 0.98401 0.05371 0.59096 0.26091 0.51
7435 20.18372 0.96416 0.74482 0.05580 0.36117 0.15715 0.39
23623 17.82745 1.19091 0.97381 0.05881 0.61403 0.23409 0.59
5867 18.62087 1.04476 0.89878 0.06559 0.41590 0.18891 0.37
23710 19.75765 0.92431 0.78092 0.06089 0.38344 0.16487 0.40
8641 20.10934 1.17037 0.74870 0.05726 0.37121 0.16597 0.37
21855 18.41330 1.01383 0.92020 0.06481 0.42296 0.19423 0.39
5508 19.52056 1.20001 0.80498 0.06296 0.40337 0.17334 0.38
61913 18.54595 1.17928 0.90639 0.06618 0.47712 0.20527 0.43
5931 18.55790 0.99416 0.90515 0.06540 0.41865 0.18982 0.39
7550 18.93739 1.20562 0.86568 0.06612 0.44690 0.19059 0.41
21429 19.69105 1.17076 0.78785 0.06164 0.39982 0.17013 0.37
23856 19.85963 1.04557 0.77114 0.06007 0.38172 0.16872 0.37
8061 18.27674 1.02608 0.93364 0.06421 0.44032 0.21877 0.41
14855 18.61846 1.18318 0.89903 0.06626 0.46409 0.20242 0.43
27607 19.59609 0.97675 0.79736 0.06199 0.38258 0.16672 0.39
10144 20.04767 0.94164 0.75565 0.05765 0.36839 0.15790 0.40
7472 18.39190 0.98512 0.92215 0.06466 0.42228 0.19568 0.41
9300 18.44996 1.03995 0.91652 0.06509 0.43130 0.19333 0.38
25735 19.76650 1.17403 0.77998 0.06134 0.39264 0.17098 0.37
14965 16.06677 1.17088 1.03346 0.02496 0.63379 0.23420 0.52
24405 18.53986 1.06067 0.90705 0.06577 0.42932 0.19230 0.37
6074 19.47695 1.15266 0.80955 0.06307 0.41032 0.17457 0.37
8615 19.87089 1.22214 0.77022 0.06042 0.39342 0.17135 0.37
21215 19.91963 1.15850 0.76559 0.05960 0.38279 0.16152 0.35
22251 16.33279 1.29726 1.03180 0.02603 0.60002 0.23721 0.51
7754 17.75437 1.20458 0.97933 0.05720 0.61022 0.22661 0.59
61922 18.28313 1.05407 0.93311 0.06468 0.44288 0.21582 0.41
10064 18.32735 1.07155 0.92886 0.06506 0.44253 0.20372 0.39
15350 16.29073 1.29927 1.03210 0.02582 0.61068 0.23518 0.50
21328 17.66145 1.13610 0.98518 0.05390 0.61191 0.24564 0.55
15507 18.27661 1.03420 0.93374 0.06422 0.44445 0.21923 0.41
27037 18.32266 1.23227 0.92963 0.06628 0.52118 0.21174 0.50
25852 15.93540 1.29062 1.03452 0.02456 0.60020 0.23537 0.49
7015 16.16361 1.25292 1.03306 0.02515 0.62479 0.23379 0.51
62368 17.47026 1.17267 0.99732 0.04887 0.63696 0.23729 0.60
21323 17.54481 1.23392 0.99375 0.05145 0.63579 0.22585 0.59
61845 17.83132 1.20935 0.97363 0.05916 0.62023 0.22955 0.59
21645 17.94595 1.16684 0.96432 0.06133 0.56472 0.23262 0.57
8411 19.66726 1.21600 0.79027 0.06186 0.40110 0.17355 0.38
6701 19.77270 1.03779 0.77947 0.06085 0.38147 0.16519 0.38
6077 20.14983 1.04992 0.74639 0.05620 0.36257 0.15724 0.38
6672 16.33737 1.29024 1.03174 0.02606 0.59828 0.23824 0.51
21844 16.80312 1.25229 1.02442 0.03218 0.64520 0.23846 0.55
6785 17.36905 1.26005 1.00432 0.04691 0.64936 0.21512 0.56
21785 17.65466 1.16844 0.98597 0.05406 0.61993 0.23769 0.59
8485 17.83622 1.23805 0.97352 0.05964 0.61963 0.22479 0.59
6278 18.07901 1.06822 0.95176 0.06170 0.48843 0.22625 0.46
7840 18.09173 1.25724 0.95265 0.06567 0.56963 0.20709 0.58
8508 18.14710 1.23070 0.94747 0.06580 0.54322 0.21265 0.57
21986 18.15082 1.26188 0.94754 0.06665 0.56376 0.20391 0.56
25959 18.35784 1.25453 0.92588 0.06648 0.52922 0.20312 0.52
21095 18.42599 1.25388 0.91884 0.06624 0.53322 0.20399 0.50
24339 16.20332 1.25530 1.03276 0.02538 0.62664 0.23403 0.51
24190 16.49687 1.24511 1.02962 0.02782 0.61430 0.24924 0.53
10491 20.05607 1.13316 0.75362 0.05790 0.36721 0.16190 0.38
23579 20.19511 1.23733 0.74081 0.05693 0.37315 0.15573 0.37
6189 16.68670 1.29855 1.02698 0.03034 0.62767 0.23345 0.51
7538 17.36419 1.24245 1.00427 0.04658 0.65194 0.21845 0.58
8125 17.63564 1.18850 0.98738 0.05372 0.62302 0.23484 0.59
7184 17.67111 1.24350 0.98566 0.05542 0.62918 0.22228 0.58
23734 17.72870 1.27262 0.98202 0.05735 0.61535 0.21132 0.56
15512 17.76428 1.22053 0.97881 0.05770 0.61706 0.22859 0.59
15526 17.88267 1.27753 0.97030 0.06149 0.60423 0.21905 0.57
5619 18.36437 1.26768 0.92513 0.06661 0.53560 0.20048 0.53
22765 18.89507 1.26395 0.87011 0.06637 0.47277 0.19582 0.45
61537 19.62329 1.20513 0.79453 0.06225 0.40205 0.17273 0.37
8637 20.03240 0.90956 0.75713 0.05829 0.36488 0.15644 0.41
22655 20.07453 0.81455 0.75437 0.05684 0.36309 0.15517 0.42
10098 20.08362 1.09234 0.75148 0.05735 0.36247 0.15808 0.38
23559 15.46070 1.17747 1.03663 0.02437 0.61672 0.24376 0.50
23155 15.68414 1.16635 1.03551 0.02440 0.63195 0.23138 0.50
6450 17.26199 1.25445 1.00932 0.04372 0.64946 0.21824 0.56
61837 17.57937 1.26774 0.99214 0.05293 0.62655 0.22245 0.58
23376 17.69726 1.23438 0.98381 0.05612 0.61412 0.22406 0.59
22060 17.74259 1.22874 0.98054 0.05727 0.61811 0.22246 0.59
21096 17.86807 1.20891 0.97077 0.06011 0.59895 0.23305 0.58
14972 15.56140 1.10244 1.03597 0.02433 0.63009 0.23638 0.50
26918 15.74972 1.18031 1.03526 0.02438 0.63195 0.23287 0.51
62150 17.63095 1.28006 0.98876 0.05484 0.62037 0.22080 0.56
21079 17.69828 1.28299 0.98424 0.05677 0.61693 0.21517 0.56
15224 17.93108 1.07056 0.96458 0.05983 0.51951 0.24539 0.49
21647 18.72219 0.96063 0.88877 0.06468 0.40176 0.18692 0.40
7948 19.90614 1.18962 0.76684 0.05990 0.39045 0.16514 0.36
20706 15.83849 1.18095 1.03485 0.02450 0.62945 0.23523 0.51
8758 15.93174 1.24310 1.03450 0.02458 0.61066 0.23694 0.50
22372 17.64270 1.27850 0.98807 0.05519 0.61978 0.22128 0.56
20981 18.77755 0.95383 0.88314 0.06495 0.40710 0.18464 0.40
6945 20.02412 0.95383 0.75748 0.05837 0.36781 0.15746 0.40
6913 17.54885 1.30350 0.99462 0.05251 0.61652 0.21969 0.55
7481 18.23716 1.05571 0.93747 0.06427 0.45944 0.22054 0.41
8426 19.48538 1.24543 0.80866 0.06334 0.41473 0.17789 0.38
20776 19.72408 1.05733 0.78448 0.06132 0.39161 0.16584 0.38
6599 17.56362 1.27745 0.99326 0.05272 0.63149 0.21864 0.57
10444 17.73781 1.14292 0.97999 0.05625 0.60207 0.23759 0.56
8734 19.55498 1.25693 0.80159 0.06320 0.41178 0.17238 0.39
9166 20.18761 0.73792 0.74759 0.05572 0.36094 0.15370 0.43
62113 19.07314 1.26179 0.85160 0.06543 0.45812 0.17960 0.43
24212 19.27400 1.13434 0.83060 0.06389 0.39878 0.17432 0.37
6147 20.00186 1.19517 0.75876 0.05890 0.37912 0.16361 0.38
62224 17.82984 1.19887 0.97370 0.05895 0.61715 0.23345 0.59
5530 19.97755 1.21874 0.76067 0.05924 0.39000 0.16919 0.37
16024 19.39633 1.25035 0.81787 0.06386 0.41663 0.18009 0.39
10682 20.02193 1.16204 0.75674 0.05846 0.37016 0.16027 0.37
15735 17.42471 1.29550 1.00180 0.04891 0.62144 0.21033 0.54
21759 19.37545 1.14558 0.81995 0.06352 0.40083 0.17644 0.38
16313 19.84806 1.28323 0.77238 0.06086 0.39992 0.16604 0.38
20900 20.02401 1.15493 0.75664 0.05847 0.36955 0.16003 0.37
7505 20.06352 1.02758 0.75353 0.05748 0.36581 0.15931 0.38
6381 17.60918 1.30712 0.99049 0.05456 0.60989 0.22402 0.54
25819 17.82715 1.30372 0.97497 0.06073 0.60523 0.21561 0.56
61885 19.93690 1.26042 0.76422 0.05971 0.39744 0.16614 0.37
15717 20.35264 1.17879 0.72886 0.05379 0.36962 0.15670 0.38
10635 13.21375 2.86288 1.04118 0.02419 0.63211 0.22801 0.48
21169 18.30759 1.30156 0.93235 0.06843 0.55469 0.20215 0.54
24033 19.42976 1.23880 0.81428 0.06367 0.40826 0.18000 0.39
23619 18.16960 1.30437 0.94587 0.06744 0.57284 0.20011 0.55
20763 19.94281 1.04762 0.76405 0.05913 0.37468 0.15976 0.37
22852 17.62052 1.30914 0.98972 0.05483 0.60510 0.22095 0.54
7729 20.19529 0.62258 0.74832 0.05615 0.35918 0.15295 0.44
7808 17.44307 1.31186 1.00097 0.04953 0.61836 0.20599 0.53
15603 19.54203 1.30332 0.80293 0.06328 0.41702 0.17917 0.40
8310 19.90212 1.25810 0.76743 0.06006 0.39643 0.16702 0.38
6742 19.93744 1.25424 0.76414 0.05974 0.39404 0.16453 0.37
22860 18.35800 1.31129 0.92677 0.06842 0.54961 0.19913 0.55
7527 18.80562 1.31081 0.87910 0.06621 0.50274 0.19686 0.50
7380 19.73266 1.29834 0.78368 0.06201 0.40611 0.17485 0.38
25557 20.21519 0.85291 0.74450 0.05566 0.35887 0.15569 0.42
15628 19.07264 1.31317 0.85160 0.06561 0.46876 0.19285 0.46
7998 19.63570 1.30485 0.79359 0.06246 0.40697 0.16885 0.39
23436 19.98628 0.66026 0.76185 0.05856 0.36809 0.15707 0.44
27384 20.07394 1.32031 0.75150 0.05850 0.38612 0.16539 0.38
16383 14.73000 2.93030 1.03907 0.02411 0.57292 0.22480 0.49
26951 19.55339 1.31768 0.80176 0.06349 0.42141 0.17813 0.40
24495 19.72679 1.25921 0.78414 0.06202 0.39661 0.17187 0.37
27367 20.66737 1.08938 0.71658 0.05255 0.37093 0.15292 0.43
22914 15.08261 2.92704 1.03829 0.02400 0.55245 0.22682 0.49
6848 18.91831 1.32796 0.86746 0.06647 0.48555 0.19331 0.49
8013 19.92869 1.12867 0.76499 0.05942 0.38199 0.16143 0.36
7128 20.34196 1.27394 0.72852 0.05464 0.37687 0.15747 0.39
16730 17.67063 2.91305 0.99060 0.07475 0.53303 0.19426 0.50
23018 17.76228 2.91806 0.98261 0.07961 0.54133 0.19561 0.50
8586 19.39491 1.30904 0.81799 0.06414 0.42778 0.19156 0.41
8015 20.24517 1.05254 0.73907 0.05543 0.36394 0.15600 0.40
8074 15.58006 1.45759 1.03609 0.02431 0.59665 0.23564 0.45
27124 17.22269 2.86443 1.01796 0.04767 0.52688 0.21178 0.50
22985 17.55809 2.85994 1.00010 0.06694 0.52846 0.19650 0.50
16759 17.76204 2.87882 0.98242 0.07902 0.54080 0.19500 0.50
7638 16.39286 1.45451 1.03152 0.02622 0.55711 0.22929 0.45
25681 16.05281 1.45329 1.03402 0.02464 0.58393 0.22014 0.45
7207 16.39121 1.45622 1.03153 0.02622 0.55693 0.22893 0.45
16635 16.82139 1.45843 1.02528 0.03236 0.56168 0.22111 0.45
24286 16.82974 1.45590 1.02509 0.03261 0.56099 0.22213 0.45
23030 18.07763 1.32430 0.95399 0.06647 0.58176 0.19374 0.55
22959 18.38726 2.92070 0.89599 0.10215 0.55594 0.18036 0.51
16735 18.42266 2.93208 0.89034 0.10278 0.55604 0.17735 0.51
20785 18.64477 1.36458 0.89503 0.06607 0.54680 0.20145 0.56
16621 16.18699 2.91514 1.03416 0.02426 0.52480 0.21040 0.50
10633 16.48004 1.45438 1.03061 0.02710 0.54753 0.23578 0.45
19714 17.52598 2.85739 1.00297 0.06417 0.52597 0.20252 0.50
16811 19.30856 2.93556 0.77336 0.06222 0.50642 0.16210 0.52
23372 16.17449 1.46263 1.03332 0.02492 0.57872 0.22497 0.44
60852 16.76917 1.44420 1.02621 0.03141 0.57636 0.22183 0.44
25488 16.83868 1.44749 1.02483 0.03288 0.56180 0.22225 0.45
21126 17.02144 1.45101 1.02016 0.03725 0.55421 0.22053 0.45
27210 17.15858 2.85770 1.02025 0.04452 0.52323 0.21002 0.50
8750 17.16256 1.45887 1.01556 0.04131 0.55978 0.21827 0.47
15756 17.25065 2.86222 1.01700 0.04893 0.52379 0.20915 0.50
5941 17.34508 1.44705 1.00718 0.04772 0.57195 0.21438 0.47
25637 17.84804 1.44466 0.97382 0.06313 0.57737 0.19996 0.51
16671 19.01086 2.89756 0.79760 0.06659 0.53188 0.15948 0.51
60845 15.95652 1.44217 1.03453 0.02453 0.58044 0.22807 0.44
16602 16.30717 2.93479 1.03345 0.02456 0.52429 0.20923 0.50
22671 16.34134 1.46336 1.03199 0.02596 0.56000 0.22754 0.46
24194 16.74206 1.43985 1.02673 0.03078 0.58002 0.22182 0.44
16709 17.00482 2.93073 1.02412 0.03884 0.52267 0.20801 0.50
24002 17.13245 1.43990 1.01671 0.04041 0.56672 0.21635 0.46
25805 17.15527 1.46123 1.01592 0.04101 0.56378 0.21610 0.47
20720 17.56504 1.44126 0.99477 0.05459 0.57539 0.20456 0.49
27625 16.40930 1.45785 1.03135 0.02637 0.55616 0.23086 0.45
20868 16.92062 1.46144 1.02296 0.03481 0.55191 0.22908 0.45
6674 17.18574 1.43649 1.01442 0.04219 0.56501 0.21802 0.47
10652 17.18863 1.45543 1.01453 0.04205 0.56304 0.21703 0.47
21168 17.30000 1.32194 1.00843 0.04521 0.61497 0.21781 0.52
10157 17.78344 1.32576 0.97842 0.05984 0.60625 0.20243 0.54
16803 18.22071 2.85201 0.92345 0.09877 0.55624 0.18791 0.51
26923 18.32899 2.85877 0.90703 0.09950 0.56070 0.17906 0.51
21196 19.94885 1.39281 0.76313 0.06003 0.40891 0.16948 0.39
22682 15.44684 2.86692 1.03720 0.02404 0.54547 0.23014 0.50
7914 16.13759 1.43686 1.03349 0.02489 0.57889 0.22671 0.45
25644 16.31476 1.43548 1.03224 0.02571 0.56697 0.23048 0.45
23319 16.54439 1.43356 1.02975 0.02798 0.55433 0.23321 0.44
6171 16.79500 1.44920 1.02577 0.03186 0.56698 0.22223 0.44
61944 16.89370 1.43154 1.02348 0.03413 0.56019 0.23025 0.46
6218 17.02898 1.46127 1.02000 0.03749 0.55305 0.22044 0.46
6667 17.20239 1.46315 1.01411 0.04254 0.56236 0.21705 0.48
22782 17.37185 1.43226 1.00590 0.04837 0.57496 0.20846 0.47
24578 17.68690 1.45616 0.98675 0.05865 0.57036 0.20665 0.50
14925 17.74739 1.34003 0.98114 0.05916 0.58844 0.21110 0.53
15383 18.16132 1.38884 0.94648 0.06895 0.56532 0.20647 0.54
19338 18.96518 2.99004 0.79725 0.06728 0.53199 0.15945 0.51
5898 19.97685 1.40086 0.76080 0.05965 0.40919 0.16682 0.40
10532 19.98826 1.38884 0.75986 0.05967 0.40675 0.16620 0.39
7358 20.11228 1.39909 0.74766 0.05877 0.38750 0.16882 0.39
6213 15.04697 1.43520 1.03860 0.02457 0.61616 0.25168 0.47
7024 16.41736 1.42840 1.03118 0.02663 0.55468 0.23317 0.45
16382 16.46948 2.83965 1.03229 0.02556 0.51248 0.21244 0.50
8132 16.57396 1.43792 1.02944 0.02823 0.57118 0.22762 0.44
14524 16.63259 1.46072 1.02856 0.02928 0.57638 0.21976 0.45
62027 17.22772 1.42449 1.01282 0.04349 0.57701 0.21675 0.47
62231 17.41512 1.46404 1.00391 0.05004 0.56532 0.20867 0.48
21321 17.41939 1.38741 1.00300 0.04950 0.57550 0.20728 0.48
7070 17.43017 1.42138 1.00261 0.05016 0.56969 0.20653 0.47
22068 17.45050 1.32314 1.00065 0.04983 0.61545 0.20371 0.52
60892 17.47671 1.45008 1.00040 0.05184 0.57654 0.20380 0.48
25611 17.48266 1.42532 0.99977 0.05181 0.58226 0.20418 0.48
23023 17.66851 1.45945 0.98778 0.05815 0.57060 0.20679 0.50
22238 17.78339 1.45108 0.97924 0.06155 0.57059 0.20359 0.50
21627 18.03334 1.34232 0.95792 0.06561 0.57541 0.19928 0.54
20951 18.28590 1.44471 0.93430 0.07114 0.57505 0.19474 0.55
8259 18.48168 1.40889 0.91249 0.06816 0.57022 0.19040 0.57
23232 18.93113 1.40923 0.86528 0.06561 0.51322 0.18952 0.54
21479 19.10154 1.40662 0.84800 0.06516 0.48963 0.19027 0.51
24687 19.28094 1.41047 0.82984 0.06480 0.46953 0.18490 0.46
9258 19.40836 1.41085 0.81676 0.06421 0.44615 0.18384 0.45
22143 19.48732 1.41073 0.80865 0.06367 0.45495 0.18151 0.45
23951 19.61020 1.41414 0.79632 0.06313 0.43512 0.17369 0.44
7211 19.61101 1.41826 0.79628 0.06317 0.43628 0.17371 0.44
6079 19.62320 1.40147 0.79495 0.06286 0.42711 0.17354 0.42
21953 19.70212 1.39949 0.78706 0.06217 0.42442 0.17699 0.41
7033 19.79251 1.38913 0.77793 0.06167 0.41059 0.17247 0.40
21495 19.83654 1.40428 0.77381 0.06118 0.40496 0.16979 0.40
6936 20.00780 1.39652 0.75811 0.05958 0.39813 0.16673 0.41
14652 14.38831 1.58498 1.04041 0.02456 0.58028 0.23251 0.48
6823 14.52989 2.02988 1.03925 0.02419 0.57494 0.22792 0.49
61115 15.23220 2.02446 1.03745 0.02424 0.55119 0.24445 0.49
5648 15.57755 2.91351 1.03680 0.02396 0.54710 0.22639 0.50
24152 15.90348 2.05964 1.03508 0.02422 0.56211 0.21869 0.49
8466 15.99342 1.42732 1.03435 0.02456 0.58090 0.22884 0.45
15129 16.83692 1.42528 1.02480 0.03298 0.56591 0.22462 0.44
24580 16.97623 1.43124 1.02134 0.03588 0.56194 0.23116 0.45
10632 17.19494 1.40790 1.01399 0.04234 0.57009 0.21815 0.47
7412 17.32726 1.44127 1.00813 0.04703 0.56969 0.21641 0.47
21632 17.36528 1.45455 1.00624 0.04834 0.57446 0.21024 0.47
61992 17.49892 1.46586 0.99927 0.05265 0.57501 0.20789 0.49
23573 17.61548 1.42257 0.99129 0.05600 0.57140 0.21119 0.49
24546 17.89572 1.37376 0.96978 0.06341 0.58785 0.19929 0.51
8236 17.95126 1.46109 0.96564 0.06568 0.57277 0.19936 0.52
16512 18.01069 2.83347 0.95322 0.09205 0.55259 0.19510 0.50
15672 18.02841 1.42705 0.95859 0.06728 0.57688 0.19912 0.53
27131 18.24088 3.00637 0.91697 0.10243 0.55316 0.18318 0.51
8050 18.46076 1.41459 0.91525 0.06920 0.57266 0.18950 0.57
61716 18.55667 1.42991 0.90321 0.06615 0.57119 0.19755 0.57
26934 19.04435 2.84903 0.79632 0.06535 0.53187 0.15856 0.52
5723 19.48629 1.42521 0.80882 0.06356 0.45906 0.18187 0.46
25929 19.94848 1.40569 0.76314 0.06023 0.41230 0.16911 0.40
10602 15.69538 2.05880 1.03586 0.02422 0.57169 0.22581 0.49
8055 15.83508 1.41096 1.03502 0.02445 0.59740 0.23138 0.46
20713 16.00915 1.43272 1.03429 0.02456 0.58457 0.22688 0.45
61980 16.08635 2.04963 1.03417 0.02452 0.54899 0.21317 0.49
8767 16.13078 2.03117 1.03392 0.02469 0.54811 0.21600 0.49
25606 16.29494 2.03282 1.03303 0.02492 0.53034 0.21447 0.49
7427 16.39548 2.05408 1.03229 0.02554 0.52888 0.21375 0.49
8127 16.46569 2.03514 1.03165 0.02630 0.51872 0.21944 0.49
8487 16.57877 2.04061 1.03031 0.02782 0.51999 0.21768 0.49
20865 16.60421 2.03273 1.03006 0.02812 0.52239 0.21608 0.49
14613 16.66200 2.01706 1.02955 0.02864 0.53502 0.21363 0.49
7028 16.66527 2.03935 1.02954 0.02866 0.53422 0.21350 0.49
25780 16.69120 2.03165 1.02921 0.02907 0.53935 0.21184 0.49
7541 16.70285 2.01881 1.02903 0.02925 0.54124 0.21155 0.49
23571 16.71814 2.02506 1.02890 0.02939 0.53961 0.21022 0.49
6266 16.79787 2.04151 1.02739 0.03155 0.53692 0.20585 0.49
23742 16.84659 2.04088 1.02627 0.03320 0.54146 0.20927 0.49
23564 16.86930 2.02124 1.02571 0.03389 0.54104 0.21116 0.50
22838 16.87208 2.05041 1.02568 0.03392 0.54068 0.21068 0.50
23651 16.89514 2.04626 1.02545 0.03408 0.53922 0.21169 0.50
5845 16.89565 2.02780 1.02529 0.03431 0.54036 0.21161 0.50
8060 16.92456 2.03234 1.02462 0.03517 0.53749 0.21233 0.50
20723 16.92868 2.02524 1.02456 0.03532 0.53572 0.21267 0.50
7908 16.94992 2.03845 1.02407 0.03594 0.53183 0.21227 0.50
8689 16.98289 2.03252 1.02356 0.03644 0.53305 0.21224 0.50
24722 16.99492 2.04911 1.02329 0.03685 0.52877 0.21308 0.50
62177 17.00710 1.42674 1.02052 0.03669 0.56167 0.22459 0.44
10792 17.02551 2.03230 1.02249 0.03761 0.52472 0.21096 0.50
10441 17.02597 2.02024 1.02248 0.03760 0.52634 0.21102 0.50
61841 17.04486 2.01977 1.02194 0.03821 0.52819 0.21218 0.50
21138 17.05102 2.02333 1.02180 0.03831 0.53042 0.21343 0.50
6673 17.05429 2.04128 1.02168 0.03861 0.53103 0.21295 0.50
27605 17.07001 2.04055 1.02127 0.03914 0.53699 0.21508 0.50
8691 17.08620 2.02263 1.02082 0.03965 0.53389 0.21627 0.50
21410 17.26797 1.42344 1.01075 0.04472 0.57060 0.22296 0.46
7375 17.27794 2.03055 1.01392 0.04717 0.53457 0.21257 0.50
6675 17.31229 2.01609 1.01250 0.04835 0.53760 0.21180 0.50
15750 17.34281 2.03345 1.01111 0.04986 0.53668 0.21177 0.50
8338 17.39892 2.01846 1.00838 0.05199 0.53786 0.20827 0.50
15344 17.47660 1.46534 1.00041 0.05197 0.57067 0.20586 0.49
21306 17.58116 2.02391 0.99665 0.06040 0.55065 0.19956 0.50
15752 17.58557 2.04149 0.99635 0.06080 0.55130 0.20032 0.50
8096 17.73116 2.02143 0.98596 0.06717 0.55271 0.20351 0.50
22078 17.77992 2.02920 0.98118 0.06882 0.55664 0.20258 0.50
7081 17.87668 2.01805 0.97239 0.07244 0.56758 0.19854 0.50
23434 17.88838 2.03180 0.97104 0.07349 0.56338 0.19964 0.51
23147 17.92560 1.46489 0.96759 0.06520 0.57387 0.20012 0.51
25495 17.93866 2.02554 0.96639 0.07506 0.56969 0.20035 0.51
16064 18.03871 1.46045 0.95790 0.06809 0.58122 0.19568 0.53
16599 18.16719 1.40245 0.94589 0.06908 0.56076 0.20400 0.54
6059 18.39131 1.39709 0.92351 0.07051 0.57164 0.19089 0.56
24368 18.43893 1.44206 0.91827 0.07104 0.57786 0.18962 0.57
25603 18.52621 1.35122 0.90758 0.06635 0.55517 0.20369 0.56
16732 18.53290 2.96784 0.87238 0.10322 0.55922 0.17244 0.51
27633 18.91853 1.44523 0.86604 0.06572 0.52339 0.18690 0.55
21120 19.55857 1.38960 0.80146 0.06352 0.44023 0.17505 0.42
24086 19.78454 1.43066 0.77876 0.06186 0.42350 0.17215 0.42
8105 19.88341 1.44172 0.76954 0.06066 0.41192 0.17309 0.41
14797 15.16909 2.05825 1.03764 0.02424 0.55930 0.24287 0.49
22244 15.37921 2.03577 1.03701 0.02424 0.55878 0.23870 0.49
15574 15.62717 2.04674 1.03612 0.02428 0.56605 0.22945 0.49
10227 15.85070 2.03683 1.03527 0.02422 0.56545 0.22029 0.49
7477 15.87707 2.01546 1.03518 0.02421 0.56432 0.22057 0.49
6426 15.94471 2.05077 1.03491 0.02426 0.55236 0.21829 0.49
21567 15.98209 2.05234 1.03476 0.02425 0.55292 0.21802 0.49
23990 16.03686 1.58916 1.03422 0.02457 0.57157 0.22137 0.46
6680 16.19384 2.05604 1.03363 0.02468 0.54489 0.21331 0.49
15519 16.30106 2.05813 1.03302 0.02492 0.53078 0.21393 0.49
7586 16.35387 2.01531 1.03251 0.02544 0.52871 0.21648 0.49
6138 16.38918 2.01783 1.03232 0.02548 0.52822 0.21473 0.49
8080 16.39498 2.05158 1.03229 0.02554 0.52808 0.21363 0.49
6046 16.39738 2.04190 1.03228 0.02554 0.52989 0.21420 0.49
23960 16.50796 1.42339 1.03026 0.02736 0.54737 0.23635 0.44
27523 16.51723 2.04561 1.03120 0.02663 0.52172 0.22390 0.49
6876 16.56300 2.01191 1.03046 0.02754 0.52255 0.22079 0.49
10193 16.57079 2.06372 1.03045 0.02762 0.51837 0.21893 0.49
15746 16.57886 2.05969 1.03032 0.02782 0.51865 0.21778 0.49
5807 16.71753 2.01334 1.02889 0.02938 0.53979 0.21021 0.49
10525 16.74665 2.04125 1.02854 0.02983 0.54375 0.20717 0.49
26979 16.77034 2.01592 1.02780 0.03099 0.54364 0.20607 0.49
24159 16.82243 2.01169 1.02653 0.03273 0.54452 0.20644 0.49
7837 16.83346 2.01171 1.02645 0.03283 0.54407 0.20818 0.49
7714 16.83752 2.06068 1.02637 0.03310 0.54294 0.20768 0.50
8100 16.89652 2.00640 1.02530 0.03425 0.54014 0.21185 0.50
6188 16.90214 2.01101 1.02519 0.03439 0.53844 0.21247 0.50
8083 16.93094 2.05289 1.02453 0.03541 0.53347 0.21178 0.50
24734 16.94796 2.00662 1.02416 0.03564 0.53090 0.21273 0.50
23334 16.97991 2.05879 1.02361 0.03665 0.53036 0.21277 0.50
62332 16.98879 2.01661 1.02334 0.03669 0.53053 0.21326 0.50
22379 17.11850 2.01503 1.01987 0.04064 0.52961 0.21515 0.50
21863 17.13814 2.00249 1.01926 0.04125 0.52947 0.21515 0.50
15422 17.14078 2.05282 1.01940 0.04126 0.52906 0.21370 0.50
19326 17.18277 2.02144 1.01726 0.04369 0.53164 0.21542 0.50
8565 17.20943 2.05592 1.01641 0.04468 0.53223 0.21478 0.50
10764 17.23238 2.03191 1.01543 0.04559 0.53201 0.21442 0.50
7915 17.23784 2.01392 1.01534 0.04567 0.53222 0.21403 0.50
25863 17.24011 2.01425 1.01531 0.04569 0.53140 0.21358 0.50
22863 17.25510 2.05142 1.01479 0.04648 0.53186 0.21262 0.50
22565 17.26757 1.33570 1.01001 0.04435 0.60299 0.22260 0.51
21509 17.29561 2.04708 1.01336 0.04774 0.53223 0.21334 0.50
23439 17.32696 2.02813 1.01193 0.04907 0.53635 0.21216 0.50
22228 17.33357 2.05336 1.01176 0.04953 0.53610 0.21133 0.50
14626 17.34562 1.39200 1.00672 0.04719 0.58650 0.21457 0.47
23174 17.37607 2.05306 1.00962 0.05124 0.53781 0.21014 0.50
60900 17.38834 2.01178 1.00870 0.05166 0.53805 0.20856 0.50
14609 17.43989 2.05543 1.00619 0.05438 0.53746 0.20560 0.50
9221 17.45094 2.05051 1.00556 0.05494 0.54094 0.20404 0.50
62038 17.55260 2.05165 0.99871 0.05955 0.54613 0.20263 0.50
20887 17.58379 2.05135 0.99671 0.06074 0.55239 0.20009 0.50
6873 17.59211 2.04852 0.99594 0.06105 0.55321 0.20107 0.50
8246 17.60671 2.04355 0.99469 0.06184 0.55444 0.20108 0.50
21792 17.66346 2.01099 0.99070 0.06420 0.55016 0.20092 0.50
8525 17.68415 2.05253 0.98949 0.06532 0.55176 0.20083 0.50
8708 17.71996 1.46965 0.98384 0.06000 0.56500 0.20498 0.50
15165 17.74720 2.01776 0.98427 0.06760 0.55218 0.20299 0.50
7708 17.76772 2.01029 0.98242 0.06812 0.55484 0.20485 0.50
16523 17.78612 2.04527 0.98091 0.06911 0.55844 0.20259 0.50
61578 17.79822 2.02353 0.97990 0.06948 0.56002 0.20112 0.50
15115 17.80042 2.04889 0.97959 0.06990 0.56039 0.20098 0.50
22247 17.80071 2.04895 0.97956 0.06991 0.56039 0.20098 0.50
15669 17.81995 2.01242 0.97784 0.07024 0.56608 0.19937 0.50
6003 17.84279 2.02896 0.97572 0.07173 0.56638 0.19850 0.50
6872 17.86457 2.01348 0.97341 0.07230 0.56883 0.19893 0.50
16459 17.88848 2.02148 0.97111 0.07331 0.56445 0.19931 0.51
27506 18.05169 2.00772 0.95451 0.07750 0.57001 0.19848 0.51
10101 18.12193 2.02120 0.94686 0.07908 0.56582 0.20164 0.51
7711 18.12301 2.02859 0.94669 0.07926 0.56599 0.20169 0.51
22614 18.15247 2.02734 0.94308 0.08064 0.57054 0.19594 0.51
5851 18.24381 2.02239 0.93348 0.08232 0.57252 0.19498 0.51
25865 18.25418 2.02089 0.93215 0.08228 0.57158 0.19618 0.51
16507 18.27346 2.03179 0.92999 0.08261 0.57431 0.19198 0.51
8345 18.36940 1.46765 0.92545 0.07189 0.58200 0.18375 0.55
25579 18.41505 2.03047 0.91334 0.08373 0.57566 0.18951 0.52
15306 18.51692 2.02880 0.90152 0.08266 0.58184 0.18363 0.52
19513 18.53252 2.90324 0.87526 0.10212 0.56393 0.17332 0.51
23779 18.56110 2.04668 0.89521 0.08150 0.58205 0.17850 0.52
24440 18.70772 1.46646 0.88688 0.06586 0.56184 0.19427 0.57
8453 18.90396 1.45665 0.86742 0.06553 0.53166 0.18575 0.57
16790 19.35623 2.89110 0.77159 0.06187 0.50479 0.16045 0.52
61790 19.70410 1.43267 0.78684 0.06231 0.42622 0.17606 0.41
61625 19.80081 1.44686 0.77734 0.06174 0.42176 0.17583 0.41
23213 20.06637 1.45284 0.75226 0.05924 0.39578 0.16335 0.40
14510 12.30503 1.65297 1.04195 0.02428 0.60930 0.23362 0.47
22916 13.52776 1.40817 1.04216 0.02454 0.59229 0.23100 0.48
6264 15.82688 1.42361 1.03507 0.02445 0.59727 0.22850 0.46
7706 16.05025 2.01198 1.03436 0.02451 0.54682 0.21645 0.49
5668 16.10722 2.00196 1.03403 0.02462 0.54841 0.21541 0.49
23242 16.21500 2.06747 1.03352 0.02470 0.54377 0.21394 0.49
7426 16.23386 1.58294 1.03303 0.02513 0.56091 0.22384 0.46
22576 16.23489 1.59217 1.03303 0.02513 0.56124 0.22345 0.47
10805 16.24374 2.00230 1.03338 0.02468 0.54185 0.21660 0.49
15421 16.28252 2.00859 1.03307 0.02492 0.52730 0.21662 0.49
16662 16.29330 2.00316 1.03303 0.02492 0.53066 0.21501 0.49
24699 16.34604 1.47015 1.03196 0.02597 0.56064 0.22821 0.46
23991 16.39288 2.06715 1.03231 0.02554 0.52550 0.21424 0.49
7470 16.68090 2.00663 1.02933 0.02882 0.53999 0.21190 0.49
10645 16.68981 2.00340 1.02921 0.02906 0.54095 0.21153 0.49
8087 16.82455 2.00292 1.02652 0.03274 0.54518 0.20670 0.49
23293 16.92143 2.06312 1.02475 0.03521 0.53765 0.21244 0.50
7654 16.93545 1.47006 1.02280 0.03496 0.55056 0.22607 0.46
10528 16.93630 1.47109 1.02279 0.03497 0.55012 0.22603 0.46
8245 16.97788 1.99524 1.02357 0.03636 0.53182 0.21247 0.50
7628 17.11670 2.00660 1.01995 0.04043 0.52886 0.21542 0.50
22474 17.16493 1.99982 1.01812 0.04252 0.53225 0.21536 0.50
21528 17.16496 1.99655 1.01812 0.04252 0.53235 0.21546 0.50
15181 17.20127 1.99566 1.01640 0.04421 0.53488 0.21569 0.50
21694 17.23439 1.99785 1.01545 0.04545 0.53162 0.21492 0.50
21854 17.23787 2.06437 1.01536 0.04603 0.53094 0.21359 0.50
21903 17.31919 2.01128 1.01224 0.04855 0.53816 0.21285 0.50
21859 17.32926 1.47075 1.00813 0.04733 0.56845 0.21758 0.48
15685 17.38187 1.47237 1.00559 0.04896 0.57217 0.20907 0.48
60743 17.40727 1.99660 1.00780 0.05220 0.53770 0.20665 0.50
27336 17.42923 2.05987 1.00677 0.05396 0.53705 0.20668 0.50
23156 17.43438 1.99429 1.00646 0.05337 0.53910 0.20618 0.50
61848 17.46594 2.06524 1.00467 0.05595 0.54108 0.20455 0.50
14655 17.48497 2.05260 1.00349 0.05662 0.54023 0.20704 0.50
7374 17.48553 2.06399 1.00340 0.05674 0.54118 0.20699 0.50
25489 17.53534 2.06168 0.99969 0.05903 0.54772 0.20348 0.50
21552 17.55400 1.99738 0.99850 0.05926 0.54784 0.20338 0.50
62135 17.58243 2.06339 0.99679 0.06084 0.55022 0.20072 0.50
10194 17.62184 1.99953 0.99393 0.06197 0.55300 0.20408 0.50
14968 17.63635 1.47396 0.99023 0.05741 0.57231 0.20910 0.50
7928 17.64808 1.99449 0.99175 0.06332 0.54992 0.20107 0.50
25688 17.72127 1.47080 0.98370 0.06006 0.56484 0.20512 0.50
22073 17.75431 1.99586 0.98319 0.06741 0.55248 0.20376 0.50
20708 17.80326 2.06023 0.97939 0.07003 0.55967 0.20078 0.50
7216 17.81641 2.04874 0.97859 0.07059 0.56228 0.19946 0.50
21898 17.83851 2.01929 0.97599 0.07148 0.56709 0.19785 0.50
8531 17.83862 2.00916 0.97610 0.07130 0.56625 0.19846 0.50
16638 17.85102 2.00121 0.97473 0.07150 0.56557 0.20000 0.50
21639 17.87108 1.99341 0.97280 0.07205 0.56926 0.19839 0.51
62042 17.87643 1.99421 0.97252 0.07217 0.56748 0.19936 0.51
24534 17.89679 2.02024 0.96996 0.07363 0.56655 0.19968 0.51
25273 17.91448 2.03629 0.96824 0.07467 0.56876 0.19936 0.51
61494 17.96072 2.05911 0.96393 0.07640 0.56821 0.20145 0.51
23337 17.97306 2.05236 0.96327 0.07669 0.56668 0.20104 0.51
8267 18.05998 2.02558 0.95357 0.07770 0.57026 0.19842 0.51
8038 18.07747 2.05944 0.95181 0.07856 0.56482 0.19992 0.51
14926 18.14075 2.03508 0.94462 0.08019 0.56822 0.19649 0.51
26921 18.14419 2.00273 0.94444 0.07960 0.56855 0.19705 0.51
21636 18.14944 2.05368 0.94318 0.08105 0.57103 0.19544 0.51
22288 18.23073 2.00614 0.93507 0.08168 0.57323 0.19414 0.51
22242 18.24043 1.99277 0.93404 0.08144 0.57420 0.19456 0.51
24466 18.27239 2.06246 0.92962 0.08311 0.57414 0.19353 0.51
7811 18.28888 1.47241 0.93377 0.07164 0.57359 0.19426 0.55
22956 18.31620 2.03353 0.92473 0.08332 0.57739 0.19122 0.51
61725 18.33950 2.05531 0.92142 0.08393 0.57843 0.19027 0.51
7800 18.34123 2.02870 0.92188 0.08352 0.57985 0.18984 0.52
24400 18.41938 2.05461 0.91233 0.08416 0.57744 0.18821 0.52
23462 18.43605 1.47977 0.91828 0.07197 0.57369 0.19144 0.56
16470 18.44805 1.99589 0.91020 0.08299 0.57986 0.18673 0.52
15477 18.51378 2.02908 0.90204 0.08256 0.58280 0.18338 0.52
23752 18.54830 2.00922 0.89791 0.08149 0.58040 0.18054 0.52
23456 18.57791 2.03334 0.89284 0.08043 0.58376 0.17678 0.52
20783 18.58422 2.06506 0.89159 0.08105 0.58273 0.17559 0.52
5935 18.63210 2.04245 0.88418 0.07795 0.58703 0.16920 0.52
10199 18.66859 2.00326 0.87894 0.07351 0.58620 0.17129 0.53
22063 18.73665 2.00629 0.86877 0.06859 0.58471 0.16906 0.53
15098 18.73828 2.03247 0.86791 0.06906 0.58404 0.16746 0.53
20786 18.77006 2.02478 0.86390 0.06753 0.58450 0.16530 0.53
7724 18.80544 1.47566 0.87657 0.06534 0.55234 0.18788 0.57
15158 18.85585 1.47271 0.87181 0.06540 0.54104 0.18475 0.57
27413 19.01156 2.00493 0.83943 0.06424 0.55769 0.17122 0.54
9157 19.35351 1.46517 0.82212 0.06424 0.47257 0.18872 0.50
10291 19.53591 1.44376 0.80376 0.06355 0.46027 0.17846 0.45
21500 19.68219 1.44615 0.78910 0.06243 0.43129 0.17860 0.43
15160 19.68520 1.46253 0.78886 0.06238 0.42722 0.18069 0.44
21213 19.79903 1.42506 0.77738 0.06170 0.42383 0.17412 0.41
62254 20.03414 1.41978 0.75516 0.05949 0.39521 0.16338 0.40
5844 13.14966 1.93373 1.04161 0.02433 0.61016 0.22699 0.45
60904 15.32797 1.63303 1.03716 0.02435 0.57076 0.24280 0.46
5769 15.48137 1.99032 1.03665 0.02424 0.57010 0.23139 0.49
6824 15.75853 1.41933 1.03538 0.02436 0.60084 0.22806 0.47
27463 15.83512 2.06878 1.03533 0.02420 0.57084 0.22105 0.49
9101 15.97700 2.06792 1.03478 0.02426 0.55443 0.21940 0.49
8557 15.98042 1.41715 1.03440 0.02457 0.58297 0.22849 0.45
60748 16.10237 1.99002 1.03406 0.02458 0.55009 0.21549 0.49
7401 16.15481 1.99508 1.03379 0.02468 0.54495 0.21614 0.49
25636 16.39060 1.64407 1.03188 0.02602 0.53874 0.22145 0.48
6275 16.41686 1.41795 1.03118 0.02660 0.55658 0.23318 0.45
15956 16.55956 1.98969 1.03051 0.02732 0.52207 0.22116 0.49
24180 16.58903 1.99060 1.03018 0.02798 0.52507 0.21699 0.49
10432 16.59231 1.59783 1.02971 0.02798 0.54945 0.22298 0.47
20701 16.63870 2.07250 1.02977 0.02849 0.52894 0.21602 0.49
20717 16.65227 1.98460 1.02961 0.02855 0.53461 0.21528 0.49
15424 16.70266 1.63577 1.02799 0.03008 0.56301 0.21228 0.48
5653 16.75187 1.40656 1.02631 0.03125 0.58404 0.22609 0.44
22618 16.76652 2.06968 1.02809 0.03076 0.54131 0.20744 0.49
7925 16.78441 2.06642 1.02770 0.03116 0.54076 0.20461 0.49
15385 16.80808 1.98528 1.02674 0.03235 0.54549 0.20703 0.49
23431 16.89804 1.59755 1.02395 0.03452 0.55069 0.21831 0.48
24550 16.98521 1.59262 1.02209 0.03613 0.54412 0.22511 0.48
6671 17.05477 1.62199 1.02007 0.03831 0.54104 0.22073 0.49
22795 17.06251 1.59294 1.01954 0.03847 0.54316 0.22014 0.48
5843 17.06319 1.99050 1.02141 0.03869 0.53630 0.21481 0.50
6091 17.07404 2.02588 1.02106 0.03935 0.53540 0.21595 0.50
23375 17.11377 1.64449 1.01841 0.04003 0.54429 0.21726 0.49
6805 17.11915 2.06038 1.01990 0.04087 0.52950 0.21528 0.50
6169 17.12100 1.98917 1.01981 0.04058 0.52913 0.21399 0.50
21316 17.13437 1.59645 1.01763 0.04047 0.54348 0.21582 0.49
21409 17.17410 2.07141 1.01796 0.04324 0.53057 0.21613 0.50
23314 17.19364 2.06741 1.01706 0.04418 0.53397 0.21503 0.50
21105 17.23465 1.59041 1.01365 0.04409 0.55870 0.21781 0.49
23432 17.25743 1.49373 1.01225 0.04443 0.56253 0.22123 0.48
7467 17.33883 2.03034 1.01130 0.04969 0.53618 0.21263 0.50
62077 17.34333 1.62502 1.00876 0.04832 0.55455 0.21538 0.49
23166 17.36613 1.62130 1.00751 0.04899 0.55130 0.21503 0.49
23959 17.36666 2.06356 1.01019 0.05081 0.53986 0.21164 0.50
22389 17.38099 1.48087 1.00568 0.04893 0.57028 0.21002 0.48
15725 17.38695 1.48190 1.00536 0.04916 0.56893 0.20949 0.48
6424 17.48258 1.61850 1.00138 0.05305 0.56073 0.20649 0.50
10545 17.49279 1.61377 1.00068 0.05330 0.56143 0.20539 0.50
21405 17.53215 2.07007 0.99992 0.05900 0.54664 0.20388 0.50
8278 17.58053 2.06888 0.99706 0.06082 0.54864 0.20020 0.50
27501 17.59151 1.62584 0.99479 0.05745 0.56945 0.20759 0.50
23379 17.59756 2.07494 0.99556 0.06159 0.55083 0.20084 0.50
8764 17.59800 1.98389 0.99546 0.06069 0.55570 0.20238 0.50
22580 17.61249 1.62342 0.99318 0.05799 0.56897 0.20876 0.50
21244 17.64599 2.00601 0.99192 0.06333 0.54826 0.20258 0.50
7627 17.65045 1.98666 0.99159 0.06339 0.54810 0.20087 0.50
9266 17.69684 1.49180 0.98599 0.05966 0.56611 0.20227 0.50
15307 17.72443 2.01164 0.98635 0.06692 0.55190 0.20242 0.50
7346 17.73347 1.60802 0.98390 0.06203 0.56338 0.20045 0.51
7578 17.75228 1.62419 0.98271 0.06265 0.56348 0.20195 0.51
15223 17.77806 2.06866 0.98164 0.06923 0.55317 0.20441 0.50
21135 17.82544 2.07268 0.97749 0.07149 0.56518 0.19750 0.50
24586 17.84537 1.61341 0.97486 0.06575 0.56622 0.20152 0.51
27044 17.86590 2.00500 0.97314 0.07209 0.56923 0.19884 0.50
10600 17.86668 2.00965 0.97304 0.07221 0.56894 0.19917 0.50
21340 17.89575 1.62264 0.97060 0.06701 0.57406 0.19909 0.51
16810 17.90137 1.49509 0.96979 0.06518 0.58041 0.19599 0.51
25859 17.92531 1.48047 0.96775 0.06539 0.57457 0.19757 0.51
15225 17.94196 1.99015 0.96627 0.07458 0.56955 0.20142 0.51
60930 18.02789 2.06861 0.95695 0.07809 0.56995 0.19798 0.51
10535 18.05057 2.07573 0.95423 0.07821 0.56873 0.20021 0.51
15343 18.06158 1.99243 0.95334 0.07732 0.57133 0.19901 0.51
7810 18.07519 1.99296 0.95209 0.07734 0.56903 0.20118 0.51
7629 18.08468 2.03621 0.95109 0.07828 0.56493 0.20048 0.51
7625 18.13959 1.99327 0.94520 0.07905 0.56798 0.19836 0.51
27745 18.15305 1.48107 0.94682 0.07036 0.57011 0.20213 0.53
22856 18.19674 2.06428 0.93777 0.08236 0.57374 0.19505 0.51
24236 18.21972 1.48236 0.94061 0.07149 0.56529 0.20329 0.54
7471 18.22435 2.06243 0.93515 0.08268 0.57422 0.19379 0.51
15674 18.23741 2.06899 0.93365 0.08296 0.57309 0.19528 0.51
7833 18.23764 2.06759 0.93365 0.08296 0.57270 0.19538 0.51
7977 18.23949 2.00216 0.93417 0.08169 0.57442 0.19422 0.51
22375 18.25411 2.04679 0.93183 0.08282 0.57401 0.19442 0.51
22811 18.25893 2.05397 0.93135 0.08294 0.57268 0.19437 0.51
24601 18.27485 2.03088 0.92982 0.08249 0.57524 0.19145 0.51
9112 18.41998 1.48008 0.92020 0.07235 0.57604 0.18947 0.56
10736 18.43186 2.01765 0.91146 0.08326 0.57965 0.18718 0.52
5943 18.45292 1.99480 0.90943 0.08290 0.58059 0.18701 0.52
14846 18.46917 2.03046 0.90707 0.08342 0.58146 0.18530 0.52
8759 18.49848 2.04192 0.90357 0.08293 0.58183 0.18369 0.52
10398 18.53032 2.06664 0.89927 0.08319 0.57918 0.18297 0.52
16571 18.58539 2.06616 0.89134 0.08103 0.58386 0.17553 0.52
14950 18.58678 2.03500 0.89168 0.07998 0.58393 0.17628 0.52
20826 18.59406 2.01442 0.89116 0.07919 0.58565 0.17563 0.52
27217 18.61813 1.61015 0.89322 0.06704 0.58739 0.18292 0.56
23952 18.69013 1.99489 0.87556 0.07165 0.58404 0.17152 0.53
23733 18.72878 2.03981 0.86883 0.06952 0.58371 0.16882 0.53
24529 18.74573 2.02583 0.86703 0.06833 0.58365 0.16750 0.53
24593 18.77685 2.05226 0.86208 0.06762 0.58182 0.16555 0.53
23731 18.79947 2.03371 0.86015 0.06736 0.58406 0.16417 0.53
22988 18.80523 2.88244 0.81998 0.07057 0.55767 0.15876 0.51
24369 18.84111 2.01467 0.85666 0.06702 0.57307 0.16477 0.53
16431 18.87103 2.03976 0.85183 0.06645 0.57096 0.16393 0.53
7526 18.87972 1.48497 0.86920 0.06533 0.53952 0.18588 0.57
15287 18.90891 1.42375 0.86756 0.06576 0.52063 0.18797 0.55
8444 18.91890 1.99542 0.84854 0.06550 0.56579 0.16731 0.54
15963 18.95001 2.00985 0.84510 0.06477 0.56431 0.16757 0.54
27597 19.03483 2.04529 0.83504 0.06342 0.55361 0.16845 0.54
23234 19.15523 1.47807 0.84159 0.06431 0.49525 0.18972 0.54
27517 19.27139 2.00033 0.81401 0.06124 0.53315 0.16794 0.55
25947 19.42754 2.02955 0.79947 0.05963 0.52422 0.16378 0.56
61983 19.53381 1.38213 0.80399 0.06346 0.44470 0.17533 0.42
24425 19.63909 1.46291 0.79350 0.06287 0.43989 0.18077 0.45
9281 19.79361 2.04189 0.76976 0.05716 0.48956 0.16973 0.57
23799 19.80552 1.43386 0.77680 0.06172 0.42158 0.17559 0.40
6347 19.82675 2.02338 0.76791 0.05735 0.48459 0.17191 0.56
60874 19.99133 1.38123 0.75962 0.05959 0.40276 0.16535 0.38
6265 14.17971 1.97666 1.04015 0.02436 0.58819 0.22759 0.48
15551 15.34814 1.59748 1.03709 0.02435 0.57476 0.24186 0.45
23206 15.91498 1.59419 1.03474 0.02454 0.57515 0.22593 0.46
25813 15.94289 2.07597 1.03492 0.02425 0.55217 0.21795 0.49
21162 16.13325 1.98197 1.03388 0.02475 0.54877 0.21547 0.49
6041 16.15949 1.97826 1.03376 0.02469 0.54529 0.21617 0.49
21595 16.20968 2.07376 1.03355 0.02469 0.54493 0.21366 0.49
60891 16.25274 2.07245 1.03334 0.02475 0.54036 0.21651 0.49
6473 16.42757 2.07560 1.03205 0.02573 0.52056 0.21336 0.49
10543 16.68556 1.63375 1.02822 0.02988 0.56055 0.21413 0.48
14780 16.73106 1.98050 1.02866 0.02968 0.54503 0.21091 0.49
15589 16.73744 1.62331 1.02745 0.03068 0.56103 0.21263 0.48
23153 16.76045 2.07574 1.02841 0.03018 0.54378 0.20884 0.49
14648 16.76413 1.38321 1.02595 0.03154 0.58921 0.23055 0.46
21142 16.85726 1.97953 1.02584 0.03365 0.54513 0.21039 0.49
24189 16.90391 1.62800 1.02393 0.03459 0.54592 0.21736 0.49
62340 16.93433 1.61946 1.02331 0.03514 0.54102 0.21937 0.48
14845 16.94082 2.07183 1.02440 0.03560 0.53196 0.21199 0.50
22252 17.06086 1.63953 1.01999 0.03837 0.54323 0.22070 0.49
14335 17.07991 2.07741 1.02112 0.03946 0.53463 0.21556 0.50
8943 17.09961 1.61096 1.01874 0.03932 0.54440 0.21844 0.49
20793 17.18075 1.50500 1.01523 0.04195 0.55769 0.21591 0.48
16440 17.21013 1.47308 1.01395 0.04271 0.55934 0.21800 0.48
61522 17.24293 1.59413 1.01329 0.04445 0.55896 0.21837 0.49
10163 17.24573 1.60335 1.01326 0.04449 0.55587 0.21897 0.49
26913 17.24966 1.47267 1.01224 0.04447 0.56879 0.21776 0.48
21260 17.26913 1.97978 1.01407 0.04682 0.53498 0.21337 0.50
23373 17.27354 2.07756 1.01407 0.04716 0.53297 0.21251 0.50
21439 17.28112 1.60177 1.01171 0.04574 0.55183 0.21757 0.49
21565 17.39409 1.58380 1.00601 0.04986 0.55044 0.20964 0.49
6045 17.41858 1.64055 1.00508 0.05107 0.54556 0.20681 0.50
10376 17.42150 1.64691 1.00495 0.05119 0.54485 0.20692 0.50
24497 17.43976 1.47663 1.00256 0.05096 0.56576 0.20382 0.49
22253 17.54866 2.07346 0.99892 0.05952 0.54638 0.20273 0.50
21977 17.56339 1.48379 0.99517 0.05496 0.57304 0.20656 0.49
9431 17.58045 1.63777 0.99534 0.05715 0.56557 0.20779 0.50
16729 17.61468 1.60137 0.99262 0.05779 0.56857 0.20790 0.50
5966 17.63036 1.49784 0.99086 0.05754 0.56927 0.20850 0.50
22066 17.67705 1.60137 0.98843 0.05991 0.56091 0.20305 0.50
8574 17.68155 1.63797 0.98818 0.06039 0.56191 0.20366 0.50
8456 17.69388 1.60307 0.98701 0.06057 0.56570 0.20243 0.50
24397 17.72200 1.60083 0.98486 0.06117 0.56459 0.19854 0.50
9103 17.77210 1.64499 0.98083 0.06353 0.57059 0.20220 0.51
10203 17.78084 2.07710 0.98139 0.06958 0.55416 0.20325 0.50
61666 17.80025 1.40128 0.97759 0.06139 0.58085 0.20013 0.50
10397 17.83826 1.61665 0.97532 0.06553 0.56226 0.20209 0.51
5869 17.85646 1.60235 0.97379 0.06577 0.57079 0.19953 0.51
8398 17.87483 1.59358 0.97223 0.06602 0.57322 0.19912 0.51
8129 17.87943 1.60592 0.97209 0.06619 0.57371 0.20053 0.51
23160 17.88979 1.98795 0.97073 0.07278 0.56602 0.19937 0.51
21849 17.90844 1.61602 0.96939 0.06730 0.57512 0.19945 0.51
8241 17.90960 1.59782 0.96908 0.06694 0.57563 0.19888 0.51
20860 17.93177 1.97728 0.96709 0.07424 0.57015 0.20033 0.51
24372 17.94586 1.63206 0.96599 0.06860 0.57879 0.20113 0.51
21762 17.96481 1.61967 0.96434 0.06886 0.57818 0.19972 0.51
23650 17.99905 1.97711 0.96014 0.07614 0.57145 0.19892 0.51
23998 18.00097 1.97853 0.95994 0.07626 0.57165 0.19910 0.51
21765 18.00967 1.59285 0.96018 0.06945 0.57557 0.19979 0.52
61665 18.01689 1.62884 0.95939 0.07028 0.57437 0.20004 0.52
9218 18.02095 1.98334 0.95755 0.07673 0.57091 0.20049 0.51
21843 18.02325 1.60176 0.95886 0.06999 0.57720 0.19919 0.52
61999 18.03339 1.98566 0.95629 0.07706 0.57255 0.19898 0.51
15141 18.03416 2.05935 0.95625 0.07799 0.56877 0.19865 0.51
14976 18.04224 1.61864 0.95717 0.07079 0.57484 0.20319 0.52
5958 18.06296 2.01069 0.95335 0.07752 0.57171 0.19869 0.51
8460 18.08783 1.98031 0.95108 0.07740 0.56796 0.20232 0.51
8459 18.10029 2.07619 0.94920 0.07968 0.56278 0.20228 0.51
6005 18.10418 1.62622 0.95063 0.07244 0.58020 0.19675 0.52
22858 18.11203 1.99865 0.94826 0.07822 0.56680 0.20307 0.51
8233 18.14188 1.60527 0.94729 0.07236 0.57677 0.19804 0.52
23622 18.15010 1.62372 0.94664 0.07277 0.57831 0.19800 0.52
27429 18.17327 2.07694 0.94053 0.08218 0.56849 0.19552 0.51
15174 18.19339 1.60132 0.94256 0.07275 0.57276 0.20131 0.53
61723 18.23111 1.59922 0.93880 0.07329 0.57252 0.19878 0.53
25994 18.23506 1.61674 0.93798 0.07370 0.57120 0.19873 0.53
27629 18.25018 2.06270 0.93222 0.08317 0.57456 0.19414 0.51
20725 18.25152 1.62983 0.93653 0.07408 0.57307 0.19622 0.53
7263 18.26701 1.59534 0.93554 0.07379 0.57351 0.19619 0.53
20831 18.27146 1.62790 0.93453 0.07438 0.57858 0.19073 0.53
21905 18.27396 1.60516 0.93457 0.07400 0.57713 0.19300 0.53
14519 18.31078 2.03176 0.92547 0.08294 0.57541 0.19279 0.51
23588 18.34696 2.08162 0.92007 0.08434 0.57630 0.19139 0.51
5582 18.35236 1.62190 0.92648 0.07534 0.57888 0.18657 0.54
22593 18.36750 1.60898 0.92481 0.07529 0.58201 0.18725 0.54
22680 18.36794 1.99288 0.91952 0.08298 0.57777 0.19019 0.52
22259 18.39181 2.02421 0.91671 0.08358 0.57329 0.19150 0.52
62160 18.40905 2.01933 0.91441 0.08358 0.57467 0.19033 0.52
21005 18.43176 1.98405 0.91233 0.08264 0.58036 0.18753 0.52
23333 18.43892 1.49320 0.91790 0.07230 0.57256 0.19071 0.56
26927 18.44236 3.04224 0.88389 0.10648 0.55656 0.17662 0.51
62245 18.46275 2.07664 0.90679 0.08463 0.58248 0.18590 0.52
60819 18.49465 1.51950 0.91071 0.07132 0.58269 0.18835 0.56
16438 18.51372 1.99524 0.90251 0.08190 0.58402 0.18293 0.52
21470 18.53035 1.63916 0.90500 0.07323 0.59266 0.18432 0.55
23332 18.55858 1.98835 0.89665 0.08056 0.58107 0.17927 0.52
23956 18.56169 2.05578 0.89480 0.08177 0.58223 0.17794 0.52
27476 18.62957 2.03066 0.88491 0.07819 0.58796 0.16908 0.53
6831 18.65829 2.05893 0.87971 0.07597 0.58457 0.17109 0.53
24113 18.68153 1.99775 0.87718 0.07246 0.58320 0.17159 0.53
24719 18.68883 1.99477 0.87564 0.07165 0.58429 0.17163 0.53
60806 18.69123 1.44523 0.88911 0.06605 0.55954 0.19518 0.57
61917 18.69683 1.62152 0.88413 0.06627 0.57947 0.17912 0.56
7268 18.76163 2.04833 0.86407 0.06808 0.58475 0.16427 0.53
10234 18.79540 2.01421 0.86122 0.06721 0.58151 0.16572 0.53
24195 18.82057 2.00855 0.85891 0.06706 0.58005 0.16490 0.53
16386 18.87634 2.00206 0.85292 0.06637 0.57052 0.16275 0.53
26118 18.94397 2.02547 0.84503 0.06481 0.56462 0.16713 0.54
23237 18.98347 2.02991 0.84069 0.06445 0.55935 0.17170 0.54
25949 19.12729 2.03511 0.82696 0.06274 0.54505 0.16687 0.54
27428 19.12758 2.01508 0.82779 0.06265 0.54671 0.16743 0.55
27743 19.14871 2.02804 0.82513 0.06266 0.54351 0.16673 0.55
27645 19.16660 2.03613 0.82306 0.06271 0.54181 0.16679 0.55
62116 19.25209 1.49756 0.83203 0.06433 0.50573 0.18520 0.53
7905 19.32438 2.03069 0.80774 0.06064 0.52882 0.16655 0.55
27351 19.33184 2.05707 0.80638 0.06084 0.52690 0.16549 0.55
9263 19.34902 2.01217 0.80677 0.06061 0.52542 0.16733 0.55
10146 19.35477 1.50705 0.82148 0.06374 0.48266 0.18549 0.52
62225 19.37911 1.50175 0.81911 0.06348 0.48063 0.18256 0.51
15469 19.46564 1.50824 0.81065 0.06341 0.46874 0.18081 0.50
61893 19.52235 1.50441 0.80499 0.06330 0.46624 0.17406 0.47
23207 19.61986 1.51351 0.79550 0.06291 0.44824 0.17849 0.47
23858 19.65356 1.50421 0.79200 0.06257 0.44634 0.17710 0.46
25564 19.74485 2.01734 0.77422 0.05759 0.49761 0.16551 0.56
10202 19.77345 1.45964 0.77992 0.06202 0.42794 0.17111 0.41
6981 19.82894 1.40045 0.77442 0.06125 0.40631 0.17353 0.40
21518 19.87956 1.46307 0.76984 0.06067 0.41891 0.17509 0.41
23066 19.92074 1.50633 0.76597 0.06062 0.41628 0.17528 0.42
10477 19.94858 1.41708 0.76319 0.06016 0.41622 0.17039 0.40
15002 20.13856 1.98145 0.74445 0.05838 0.44264 0.16680 0.52
61663 14.60752 2.07781 1.03906 0.02422 0.57141 0.22607 0.49
27464 14.89581 2.11651 1.03839 0.02423 0.56932 0.23297 0.49
10058 15.22019 1.62505 1.03755 0.02438 0.57580 0.24243 0.46
6048 15.97807 1.57891 1.03448 0.02456 0.57062 0.22440 0.45
5970 16.12352 1.58218 1.03371 0.02480 0.56286 0.22103 0.46
62186 16.25578 1.97340 1.03320 0.02490 0.54199 0.21873 0.49
62039 16.42672 1.38634 1.03110 0.02663 0.55782 0.23744 0.47
8052 16.46952 2.08498 1.03165 0.02630 0.51627 0.21865 0.49
5551 16.52858 1.97051 1.03088 0.02695 0.52371 0.22595 0.49
24183 16.58863 1.57924 1.02973 0.02794 0.55086 0.22312 0.47
23484 16.80788 1.39222 1.02525 0.03239 0.57993 0.22821 0.45
15578 16.92747 1.97524 1.02453 0.03511 0.53606 0.21363 0.50
8528 16.95221 2.07636 1.02417 0.03596 0.53159 0.21162 0.50
14647 16.98391 1.58696 1.02214 0.03609 0.54433 0.22500 0.48
27012 16.99288 2.08702 1.02340 0.03678 0.52883 0.21187 0.50
5945 17.04920 1.40906 1.01912 0.03810 0.55288 0.22344 0.44
61843 17.07295 1.97419 1.02114 0.03905 0.53634 0.21628 0.50
21978 17.09971 2.07627 1.02061 0.04006 0.53436 0.21488 0.50
6869 17.11621 1.47797 1.01756 0.03973 0.55578 0.21801 0.47
15720 17.14039 1.64888 1.01780 0.04081 0.54113 0.21574 0.49
15535 17.21310 2.08596 1.01633 0.04502 0.52899 0.21487 0.50
23727 17.28829 1.52664 1.01087 0.04570 0.55507 0.21949 0.49
60749 17.33634 1.38416 1.00711 0.04687 0.58471 0.21631 0.47
8481 17.38267 1.59777 1.00654 0.04937 0.55034 0.21266 0.49
9098 17.39843 1.97585 1.00828 0.05181 0.53965 0.20787 0.50
21573 17.41432 1.38945 1.00319 0.04945 0.57547 0.20706 0.48
22784 17.44217 1.49264 1.00272 0.05097 0.56188 0.20607 0.49
5853 17.44951 1.65067 1.00304 0.05222 0.55017 0.20707 0.50
22854 17.45202 1.50883 1.00227 0.05135 0.56224 0.20655 0.49
24445 17.45727 1.61894 1.00260 0.05232 0.55446 0.20644 0.50
14529 17.45771 1.97128 1.00473 0.05477 0.54066 0.20492 0.50
5782 17.47404 2.08865 1.00440 0.05623 0.53961 0.20493 0.50
62215 17.47779 1.61630 1.00163 0.05282 0.56052 0.20704 0.50
22667 17.51463 1.64913 0.99957 0.05437 0.56371 0.20704 0.50
15391 17.52718 1.58769 0.99832 0.05445 0.56997 0.20527 0.50
27334 17.52869 1.58123 0.99825 0.05441 0.56743 0.20599 0.50
5986 17.55900 1.51833 0.99597 0.05494 0.57056 0.20723 0.50
8503 17.58954 2.08824 0.99634 0.06147 0.55148 0.20075 0.50
7185 17.60725 1.58483 0.99308 0.05732 0.56912 0.20870 0.50
24187 17.62178 1.97076 0.99386 0.06165 0.55301 0.20353 0.50
21998 17.64434 1.64284 0.99071 0.05909 0.56036 0.20354 0.50
8457 17.64690 1.60238 0.99049 0.05884 0.56202 0.20349 0.50
61518 17.68376 2.08578 0.98954 0.06572 0.55014 0.20008 0.50
28880 17.69916 1.96941 0.98822 0.06510 0.55575 0.20218 0.50
14931 17.71961 2.09182 0.98677 0.06753 0.55338 0.20127 0.50
21325 17.72793 2.08623 0.98604 0.06791 0.55206 0.20132 0.50
6740 17.75264 1.64508 0.98272 0.06278 0.56348 0.20051 0.51
60583 17.77743 1.64034 0.98045 0.06375 0.57039 0.20252 0.51
24042 17.78180 1.98100 0.98111 0.06833 0.55911 0.20164 0.50
23999 17.85224 1.65018 0.97439 0.06619 0.56524 0.20213 0.51
14851 17.88192 1.64140 0.97164 0.06690 0.57485 0.19910 0.51
23894 17.90854 1.58388 0.96938 0.06654 0.57560 0.19932 0.51
7382 17.94536 1.59328 0.96604 0.06808 0.57781 0.19860 0.52
5781 17.96358 1.58735 0.96449 0.06841 0.57919 0.19842 0.52
9243 17.97360 1.64876 0.96338 0.06974 0.57724 0.19795 0.51
19434 17.98457 1.58224 0.96254 0.06891 0.57737 0.19794 0.52
9208 17.99771 1.98737 0.96032 0.07626 0.57155 0.19858 0.51
8039 18.01945 1.99625 0.95784 0.07697 0.57046 0.20081 0.51
15689 18.02331 1.58899 0.95889 0.06970 0.57621 0.20042 0.52
24541 18.02709 2.08498 0.95695 0.07824 0.56982 0.19823 0.51
23794 18.07905 1.58954 0.95363 0.07136 0.57818 0.20005 0.52
8289 18.11241 1.97072 0.94841 0.07768 0.56765 0.20261 0.51
21656 18.12617 1.63749 0.94845 0.07262 0.57942 0.19531 0.52
6219 18.13122 1.62617 0.94809 0.07250 0.57852 0.19715 0.52
10176 18.13808 1.54579 0.94798 0.07103 0.57918 0.19932 0.53
22694 18.14905 1.97330 0.94436 0.07889 0.56920 0.19767 0.51
25580 18.15459 2.09122 0.94219 0.08206 0.56983 0.19508 0.51
6338 18.19496 1.49627 0.94284 0.07134 0.57077 0.20294 0.54
6977 18.20935 1.54620 0.94137 0.07190 0.56911 0.20325 0.53
21445 18.24132 1.97606 0.93427 0.08114 0.57320 0.19485 0.51
24188 18.24527 2.08442 0.93247 0.08335 0.57242 0.19489 0.51
21637 18.24921 1.49370 0.93786 0.07200 0.57264 0.19934 0.54
7825 18.26557 1.99645 0.93081 0.08197 0.57267 0.19440 0.51
21285 18.26690 1.63593 0.93504 0.07454 0.57804 0.19118 0.53
24104 18.28208 1.61974 0.93350 0.07453 0.58035 0.19119 0.53
8295 18.30168 1.60000 0.93178 0.07444 0.58500 0.19014 0.54
8273 18.30627 2.08513 0.92482 0.08419 0.57419 0.19092 0.51
15012 18.32825 1.59679 0.92916 0.07477 0.58364 0.18971 0.54
19356 18.34121 2.81973 0.90617 0.09868 0.56116 0.17982 0.51
5775 18.34194 1.49171 0.92863 0.07298 0.58577 0.18352 0.55
5656 18.37462 1.58776 0.92449 0.07485 0.58253 0.18490 0.54
8688 18.37923 1.62779 0.92347 0.07574 0.58619 0.18447 0.54
25764 18.38020 1.61285 0.92356 0.07548 0.58437 0.18442 0.54
21283 18.38208 1.63560 0.92311 0.07587 0.58471 0.18584 0.54
27182 18.38409 1.97782 0.91827 0.08287 0.57773 0.19076 0.52
8462 18.40380 1.47925 0.92155 0.07223 0.58131 0.18251 0.56
61492 18.41005 1.58975 0.92011 0.07492 0.58375 0.18414 0.55
14953 18.49060 1.61247 0.91085 0.07411 0.58846 0.18473 0.55
7176 18.49422 1.99329 0.90456 0.08225 0.58572 0.18233 0.52
6170 18.51433 1.50684 0.90818 0.07010 0.58281 0.18987 0.56
6162 18.52038 2.07076 0.90004 0.08343 0.58014 0.18329 0.52
21280 18.52177 1.50999 0.90724 0.06977 0.58398 0.19069 0.57
22286 18.52554 2.08513 0.89923 0.08332 0.57903 0.18294 0.52
6994 18.55455 1.63607 0.90178 0.07189 0.58784 0.18759 0.55
8339 18.55836 1.97172 0.89714 0.08048 0.58104 0.17991 0.52
23845 18.57201 2.09084 0.89316 0.08261 0.57958 0.17859 0.52
62322 18.59521 2.07498 0.88940 0.08082 0.58601 0.17287 0.52
22555 18.59659 1.52798 0.89692 0.06649 0.57601 0.19449 0.57
24592 18.68697 1.54521 0.88721 0.06587 0.57927 0.18582 0.57
10334 18.71821 2.01715 0.87089 0.06968 0.58408 0.16987 0.53
22129 18.74549 1.98073 0.86836 0.06782 0.58307 0.16911 0.53
15022 18.79020 1.61605 0.87464 0.06546 0.57634 0.17733 0.57
16632 18.82810 1.99605 0.85857 0.06689 0.57584 0.16584 0.53
15103 18.87868 2.04367 0.85107 0.06630 0.56821 0.16562 0.53
7089 18.88342 2.07695 0.84925 0.06608 0.56839 0.16537 0.53
7876 18.89477 2.05549 0.84886 0.06588 0.56739 0.16552 0.53
8293 18.89973 1.53293 0.86644 0.06555 0.54396 0.18589 0.57
22237 18.90330 1.50710 0.86645 0.06554 0.53660 0.18664 0.57
24508 18.90726 2.04171 0.84802 0.06555 0.56685 0.16676 0.53
60809 18.92620 1.54712 0.86311 0.06527 0.54469 0.18172 0.56
7166 19.08056 2.01584 0.83171 0.06289 0.55296 0.16669 0.54
22188 19.11141 2.02276 0.82888 0.06286 0.54884 0.16745 0.54
10072 19.12248 2.04670 0.82690 0.06275 0.54577 0.16654 0.54
15101 19.15544 1.46070 0.84183 0.06438 0.49155 0.19174 0.53
8131 19.19227 1.53772 0.83689 0.06372 0.50801 0.18686 0.55
22873 19.31533 2.00188 0.80952 0.06047 0.53207 0.16589 0.55
19511 19.33633 2.85388 0.77401 0.06133 0.50444 0.16257 0.52
61853 19.43434 1.49215 0.81357 0.06356 0.47187 0.18682 0.49
22335 19.49765 1.50474 0.80735 0.06337 0.46847 0.17634 0.48
15030 19.52359 1.46746 0.80506 0.06357 0.45780 0.17687 0.47
7653 19.54174 1.99790 0.79061 0.05904 0.51837 0.16504 0.57
21924 19.58825 1.59387 0.79804 0.06244 0.46458 0.17683 0.52
22538 19.64598 1.52869 0.79281 0.06268 0.44497 0.17664 0.47
6551 19.73385 1.52210 0.78403 0.06222 0.43978 0.17630 0.47
15620 19.80112 1.43550 0.77723 0.06175 0.42186 0.17324 0.40
8317 19.83249 1.47823 0.77433 0.06136 0.42267 0.17600 0.43
23046 19.85797 2.00985 0.76570 0.05704 0.47980 0.16987 0.57
22737 19.94975 1.99397 0.75958 0.05744 0.46583 0.16682 0.55
6665 20.18693 1.49523 0.74125 0.05810 0.39786 0.16100 0.41
7261 13.41436 2.85079 1.04106 0.02421 0.62964 0.22663 0.48
6047 14.52089 1.96251 1.03929 0.02422 0.57538 0.22797 0.48
21517 15.32513 2.11977 1.03721 0.02425 0.55108 0.24022 0.49
8566 15.53813 1.97050 1.03642 0.02427 0.56716 0.22909 0.49
10810 15.75554 1.38711 1.03538 0.02437 0.60386 0.22902 0.48
8128 16.05718 1.65638 1.03413 0.02459 0.56804 0.22017 0.47
61252 16.42368 1.41080 1.03113 0.02663 0.55596 0.23374 0.45
21076 16.45847 1.40219 1.03078 0.02690 0.55544 0.23712 0.46
14844 16.54144 1.57715 1.03023 0.02741 0.54296 0.22512 0.47
15534 16.54494 2.07932 1.03092 0.02690 0.52243 0.22366 0.49
21818 16.64991 1.96755 1.02955 0.02864 0.53599 0.21507 0.49
16664 16.85035 1.41101 1.02429 0.03351 0.56430 0.22677 0.45
24273 16.85719 1.41015 1.02409 0.03361 0.56487 0.22773 0.45
5784 16.87502 1.47909 1.02419 0.03369 0.55395 0.22439 0.46
21149 16.87557 2.08129 1.02580 0.03371 0.54020 0.21082 0.50
22250 16.88015 1.96873 1.02549 0.03411 0.54547 0.21148 0.49
14964 16.88334 2.11789 1.02572 0.03393 0.53990 0.21137 0.50
22470 17.07448 1.50736 1.01898 0.03869 0.55064 0.21892 0.47
6772 17.15467 1.65605 1.01716 0.04129 0.54430 0.21546 0.49
15743 17.15935 1.48047 1.01587 0.04117 0.55832 0.21667 0.48
23167 17.19456 2.09305 1.01711 0.04412 0.53285 0.21515 0.50
16808 17.22107 1.57380 1.01415 0.04344 0.55627 0.21500 0.49
23162 17.23129 1.65324 1.01427 0.04401 0.55171 0.21597 0.49
15135 17.23690 1.53619 1.01320 0.04389 0.56148 0.21991 0.49
62168 17.23849 1.65261 1.01388 0.04442 0.55256 0.21650 0.49
27418 17.27825 1.40733 1.01011 0.04494 0.57281 0.22061 0.46
10801 17.31255 1.96451 1.01233 0.04810 0.53731 0.21310 0.50
6476 17.35198 2.09472 1.01115 0.05019 0.53587 0.21127 0.50
23790 17.36810 1.96788 1.00969 0.05078 0.54030 0.21056 0.50
15570 17.41565 2.09378 1.00747 0.05371 0.53488 0.20762 0.50
23780 17.42248 2.09514 1.00718 0.05395 0.53649 0.20713 0.50
6042 17.47741 1.64619 1.00188 0.05287 0.55942 0.20595 0.50
10742 17.59596 1.64973 0.99463 0.05774 0.56743 0.20841 0.50
24246 17.67407 1.63039 0.98866 0.06012 0.56028 0.20399 0.50
7600 17.69882 1.56860 0.98634 0.06029 0.56664 0.20161 0.50
19440 17.71680 1.97031 0.98703 0.06600 0.55370 0.20247 0.50
61669 17.71713 2.09586 0.98694 0.06742 0.55306 0.20135 0.50
10521 17.71926 1.57623 0.98491 0.06080 0.56380 0.20037 0.50
7194 17.73682 1.65356 0.98413 0.06239 0.56350 0.20115 0.50
21133 17.74823 1.96333 0.98370 0.06682 0.55150 0.20358 0.50
20945 17.78950 1.65351 0.97957 0.06424 0.56770 0.20244 0.51
15108 17.79154 1.55375 0.97945 0.06285 0.56805 0.20602 0.51
14528 17.79710 2.09712 0.97996 0.07024 0.55780 0.20182 0.50
22472 17.80222 2.09888 0.97936 0.07056 0.55644 0.20175 0.50
24675 17.81866 1.64946 0.97715 0.06528 0.56757 0.20016 0.51
7870 17.82917 1.63114 0.97627 0.06542 0.56402 0.19929 0.51
5767 17.83722 1.56673 0.97547 0.06471 0.57008 0.19824 0.51
21103 17.85534 1.57880 0.97357 0.06540 0.57199 0.19870 0.51
8706 17.86814 1.56982 0.97274 0.06551 0.57180 0.20049 0.51
6844 17.87930 1.96892 0.97191 0.07186 0.56539 0.19985 0.51
24281 17.89610 2.09293 0.97034 0.07488 0.56408 0.20051 0.50
7648 17.90229 1.50402 0.96981 0.06530 0.57907 0.19781 0.51
21778 17.91401 2.09284 0.96845 0.07535 0.56760 0.19869 0.51
61777 17.93792 1.64709 0.96653 0.06862 0.57758 0.20041 0.51
6837 17.94215 1.57075 0.96642 0.06760 0.57855 0.19802 0.52
23654 17.94255 1.56065 0.96636 0.06742 0.57779 0.19830 0.52
23157 17.95863 1.96301 0.96463 0.07475 0.57266 0.19963 0.51
22374 17.97206 1.64775 0.96355 0.06970 0.57793 0.19805 0.51
15585 17.98244 2.09901 0.96182 0.07780 0.56803 0.20043 0.51
9099 17.98442 1.65083 0.96238 0.06984 0.57675 0.19905 0.51
25964 17.99551 1.55704 0.96158 0.06876 0.57534 0.19929 0.52
6644 18.00530 1.65423 0.96041 0.07043 0.57852 0.19821 0.52
21393 18.01272 1.57949 0.96002 0.06938 0.57541 0.20056 0.52
8054 18.05305 1.60582 0.95617 0.07076 0.57669 0.20238 0.52
15032 18.06019 1.96563 0.95378 0.07691 0.57172 0.19803 0.51
24144 18.09314 1.64526 0.95157 0.07265 0.57850 0.19895 0.52
5763 18.09909 1.61899 0.95126 0.07224 0.58154 0.19676 0.52
23315 18.11506 2.07271 0.94713 0.08008 0.56414 0.20263 0.51
22709 18.11589 1.96634 0.94827 0.07765 0.56770 0.20223 0.51
15154 18.13126 1.57126 0.94849 0.07133 0.57753 0.19861 0.53
16536 18.16389 1.96542 0.94280 0.07965 0.57010 0.19553 0.51
60585 18.22063 1.61544 0.93968 0.07329 0.57038 0.20099 0.53
10668 18.23966 1.56128 0.93834 0.07276 0.57298 0.19699 0.54
6477 18.24257 1.56912 0.93804 0.07303 0.57243 0.19846 0.54
15433 18.24812 1.96805 0.93342 0.08103 0.57350 0.19365 0.51
62133 18.28549 1.56233 0.93407 0.07332 0.57977 0.19356 0.54
25778 18.30630 2.05580 0.92547 0.08376 0.57580 0.19068 0.51
8700 18.33066 2.09044 0.92202 0.08438 0.57533 0.19197 0.51
5446 18.35027 1.63969 0.92637 0.07569 0.58171 0.18747 0.54
15109 18.36780 1.59731 0.92498 0.07481 0.58220 0.18682 0.54
24230 18.39367 1.97876 0.91728 0.08283 0.57599 0.19184 0.52
23997 18.40480 1.97585 0.91578 0.08252 0.57554 0.19230 0.52
27582 18.41681 1.54982 0.91950 0.07358 0.58399 0.18243 0.55
10590 18.43045 2.00562 0.91181 0.08304 0.58007 0.18762 0.52
61575 18.46131 1.58022 0.91452 0.07411 0.58511 0.18413 0.55
10729 18.46506 1.55469 0.91443 0.07346 0.58639 0.18647 0.55
14596 18.47891 1.61827 0.91233 0.07485 0.58781 0.18594 0.55
6985 18.48132 1.53725 0.91234 0.07222 0.58657 0.18958 0.56
5543 18.48483 1.60892 0.91147 0.07423 0.58869 0.18629 0.55
23862 18.49165 1.56955 0.91083 0.07283 0.58667 0.18520 0.56
21400 18.49477 1.57610 0.91043 0.07294 0.58807 0.18572 0.55
23778 18.50519 1.97649 0.90378 0.08178 0.58572 0.18352 0.52
7786 18.51047 1.53942 0.90866 0.07127 0.58738 0.18956 0.56
23673 18.51124 1.64204 0.90732 0.07407 0.59358 0.18449 0.55
21147 18.51132 1.96781 0.90300 0.08137 0.58678 0.18174 0.52
7492 18.51205 1.57275 0.90829 0.07229 0.58974 0.18596 0.56
21065 18.51454 1.59039 0.90761 0.07256 0.59177 0.18603 0.55
24251 18.52748 1.62647 0.90549 0.07301 0.59481 0.18390 0.55
21438 18.53309 2.08978 0.89860 0.08336 0.57681 0.18296 0.52
6160 18.56918 1.60094 0.89971 0.06943 0.58731 0.18930 0.56
15476 18.57571 2.03063 0.89331 0.08063 0.58412 0.17746 0.52
24110 18.59032 1.59363 0.89652 0.06766 0.58418 0.18607 0.56
6971 18.63742 1.57340 0.89174 0.06634 0.58132 0.18798 0.56
23544 18.67544 1.97409 0.87840 0.07226 0.58755 0.17023 0.53
8451 18.69388 1.57487 0.88558 0.06593 0.57952 0.18233 0.57
15474 18.70276 1.99237 0.87384 0.07031 0.58459 0.17077 0.53
22075 18.71740 1.63281 0.88165 0.06603 0.57899 0.17853 0.57
21756 18.72034 1.57411 0.88298 0.06584 0.57423 0.18000 0.57
24691 18.72171 2.06538 0.86936 0.07016 0.58446 0.16759 0.53
7473 18.74451 1.98993 0.86824 0.06795 0.58346 0.16905 0.53
10723 18.75653 1.99268 0.86656 0.06749 0.58294 0.16760 0.53
7593 18.76965 1.57234 0.87803 0.06549 0.57534 0.17833 0.57
16734 18.77446 2.83912 0.82835 0.07338 0.56120 0.15872 0.51
10766 18.80708 2.02652 0.85967 0.06734 0.58276 0.16389 0.53
21267 18.83384 1.58527 0.87107 0.06531 0.56190 0.18105 0.58
10641 18.84592 1.99134 0.85686 0.06705 0.57544 0.16400 0.53
25878 18.86012 1.61344 0.86783 0.06514 0.56154 0.17847 0.57
19435 18.87039 1.57641 0.86802 0.06511 0.55405 0.18105 0.57
15645 18.90512 1.54309 0.86527 0.06532 0.54866 0.18316 0.57
16013 18.92196 1.96997 0.84924 0.06546 0.56618 0.16592 0.54
23984 18.92417 1.55221 0.86318 0.06523 0.54663 0.18176 0.57
7333 18.93210 2.05763 0.84494 0.06505 0.56387 0.16844 0.53
6974 18.93360 2.03486 0.84548 0.06490 0.56562 0.16792 0.53
22764 18.94209 2.00954 0.84574 0.06443 0.56446 0.16802 0.54
21550 18.96411 2.05201 0.84203 0.06491 0.56013 0.17195 0.53
8744 18.96674 1.61971 0.85760 0.06421 0.54980 0.17800 0.57
22777 18.98794 2.02598 0.84024 0.06435 0.55933 0.17202 0.54
10066 18.99742 2.06899 0.83793 0.06441 0.55695 0.16926 0.54
6150 19.05466 1.57162 0.84942 0.06389 0.52863 0.17826 0.57
25621 19.07023 1.57597 0.84776 0.06402 0.53027 0.17947 0.57
22558 19.08010 1.53686 0.84782 0.06406 0.51922 0.18196 0.56
7885 19.09072 2.03310 0.83011 0.06261 0.55391 0.16547 0.54
7924 19.09627 2.01528 0.83032 0.06251 0.55268 0.16492 0.54
62314 19.10531 1.55946 0.84493 0.06394 0.52727 0.18310 0.56
22183 19.16108 1.56791 0.83913 0.06340 0.52025 0.18452 0.56
16466 19.17419 1.61143 0.83678 0.06301 0.53078 0.17916 0.56
10506 19.19926 1.58034 0.83545 0.06348 0.52091 0.17938 0.56
6557 19.26605 1.52279 0.83028 0.06395 0.50049 0.18365 0.54
8591 19.30188 1.56400 0.82603 0.06345 0.49923 0.18419 0.54
29013 19.34493 2.04593 0.80587 0.06077 0.52859 0.16370 0.55
7366 19.36088 1.55307 0.82020 0.06319 0.49442 0.18443 0.54
14533 19.43094 1.43619 0.81431 0.06385 0.45149 0.18635 0.47
21035 19.47328 1.56119 0.80930 0.06303 0.48400 0.17669 0.52
62153 19.48933 2.00234 0.79501 0.05930 0.52089 0.16384 0.56
61989 19.51570 2.03848 0.79153 0.05925 0.51905 0.16449 0.56
25938 19.55414 1.49845 0.80189 0.06328 0.45519 0.17686 0.48
23420 19.56425 1.99852 0.78872 0.05863 0.51466 0.16589 0.57
61721 19.58862 1.97512 0.78767 0.05861 0.50939 0.16846 0.56
21585 19.62145 1.50268 0.79535 0.06294 0.44666 0.17861 0.47
23185 19.65468 1.55634 0.79182 0.06252 0.45262 0.17632 0.48
6993 19.68735 1.50659 0.78859 0.06251 0.44412 0.17895 0.47
25757 19.72553 1.38944 0.78459 0.06228 0.42051 0.17700 0.40
27405 19.74946 2.05035 0.77320 0.05751 0.49423 0.16573 0.56
21466 19.77214 1.56789 0.78026 0.06168 0.43559 0.17873 0.47
16673 19.79611 3.01450 0.74527 0.06109 0.47139 0.15761 0.52
25944 19.80380 1.47984 0.77716 0.06171 0.42967 0.17381 0.42
10643 19.81193 1.40281 0.77612 0.06154 0.41584 0.17051 0.40
6081 19.95048 1.43607 0.76307 0.06017 0.41865 0.17069 0.40
6433 19.95775 1.97801 0.75947 0.05769 0.46131 0.16610 0.54
22062 15.31836 1.65991 1.03720 0.02436 0.56781 0.24510 0.47
21289 15.38853 2.08481 1.03700 0.02424 0.55515 0.23889 0.49
6794 15.63861 2.08142 1.03609 0.02428 0.56514 0.22999 0.49
15015 15.72575 2.12142 1.03578 0.02421 0.57018 0.22370 0.49
27467 15.73726 1.61303 1.03556 0.02433 0.58586 0.22493 0.46
7863 15.74844 2.12074 1.03570 0.02420 0.57047 0.22319 0.49
21304 15.82374 2.10476 1.03539 0.02419 0.57393 0.22007 0.49
62035 15.90678 1.57598 1.03477 0.02451 0.57869 0.22739 0.45
8578 15.94207 2.11787 1.03496 0.02423 0.55170 0.21798 0.49
7067 16.02555 1.51237 1.03425 0.02455 0.57736 0.22441 0.44
24387 16.02703 2.10836 1.03460 0.02423 0.54718 0.21602 0.49
8567 16.07161 2.10228 1.03433 0.02446 0.54563 0.21525 0.49
10358 16.21552 2.09586 1.03354 0.02469 0.54384 0.21337 0.49
61847 16.23996 2.08431 1.03340 0.02476 0.54233 0.21345 0.49
10565 16.27803 2.08129 1.03322 0.02477 0.53306 0.21699 0.49
15736 16.39267 2.10758 1.03233 0.02554 0.52336 0.21317 0.49
24437 16.43244 1.96021 1.03190 0.02588 0.52604 0.21771 0.49
20809 16.50149 1.38779 1.03025 0.02736 0.55461 0.24211 0.45
5842 16.56816 2.10837 1.03057 0.02756 0.52073 0.21912 0.49
7906 16.56985 1.51402 1.02982 0.02777 0.56053 0.22473 0.45
22293 16.57081 2.10528 1.03045 0.02767 0.52067 0.21898 0.49
8124 16.64566 2.11156 1.02972 0.02858 0.52932 0.21517 0.49
8707 16.64655 2.09838 1.02971 0.02858 0.53056 0.21511 0.49
25817 16.65740 2.08923 1.02959 0.02865 0.53283 0.21488 0.49
25820 16.76833 2.10108 1.02831 0.03044 0.54116 0.20727 0.49
10445 16.79656 2.10920 1.02751 0.03156 0.53496 0.20368 0.50
25490 16.85204 2.08425 1.02626 0.03322 0.54064 0.20788 0.50
10738 16.91647 2.10471 1.02498 0.03505 0.53702 0.21133 0.50
15008 16.94962 1.57527 1.02275 0.03540 0.54723 0.22393 0.48
27102 16.98424 1.51727 1.02159 0.03614 0.55396 0.22372 0.47
10067 16.99332 2.08944 1.02340 0.03678 0.52831 0.21167 0.50
24588 17.03020 2.10187 1.02244 0.03789 0.52403 0.21177 0.50
61791 17.07010 1.96142 1.02114 0.03889 0.53655 0.21635 0.50
23572 17.08346 1.66163 1.01945 0.03891 0.53964 0.22118 0.49
7909 17.17732 2.10212 1.01789 0.04345 0.53023 0.21551 0.50
8135 17.18491 1.95564 1.01691 0.04354 0.53296 0.21481 0.50
7746 17.20778 1.51669 1.01429 0.04278 0.55971 0.21562 0.49
22962 17.23547 1.65723 1.01414 0.04420 0.55203 0.21650 0.49
24285 17.32444 1.96235 1.01173 0.04872 0.53877 0.21293 0.50
22381 17.35614 1.56446 1.00750 0.04853 0.56083 0.21376 0.49
8741 17.35669 1.51013 1.00725 0.04811 0.56305 0.21496 0.49
22191 17.45780 1.57515 1.00239 0.05196 0.55774 0.20516 0.50
20719 17.48553 2.09356 1.00349 0.05697 0.53955 0.20609 0.50
22800 17.51270 1.55796 0.99904 0.05371 0.57169 0.20491 0.50
10584 17.73966 1.65978 0.98399 0.06252 0.56240 0.20081 0.50
60844 17.74061 2.06603 0.98516 0.06827 0.55408 0.20134 0.50
61961 17.75188 1.55824 0.98218 0.06174 0.56819 0.20399 0.51
61726 17.77166 1.64579 0.98096 0.06340 0.57051 0.20235 0.51
8519 17.77784 1.57359 0.98024 0.06262 0.56938 0.20222 0.51
22961 17.85523 1.56663 0.97357 0.06529 0.57146 0.20000 0.51
23033 17.86710 1.63432 0.97324 0.06637 0.57391 0.19920 0.51
6269 17.87997 1.95758 0.97178 0.07178 0.56585 0.20013 0.51
61667 17.90133 2.10557 0.96976 0.07509 0.56469 0.20013 0.50
16573 17.90227 1.51205 0.96981 0.06539 0.57730 0.19822 0.51
15580 17.91583 1.95913 0.96841 0.07321 0.56791 0.19900 0.51
15111 17.94437 1.64398 0.96607 0.06876 0.57798 0.20161 0.51
8458 17.94523 1.50389 0.96603 0.06629 0.57570 0.19956 0.52
7370 17.98062 1.55355 0.96293 0.06829 0.57726 0.19775 0.52
6207 18.00960 1.95817 0.95883 0.07620 0.57182 0.20050 0.51
8237 18.01465 1.64571 0.95963 0.07063 0.57552 0.19956 0.52
24463 18.01790 1.55395 0.95960 0.06902 0.57729 0.19832 0.52
6175 18.01926 1.55277 0.95954 0.06904 0.57706 0.19863 0.52
62132 18.05743 1.95828 0.95401 0.07687 0.57059 0.19838 0.51
7179 18.06982 1.54563 0.95479 0.07018 0.58039 0.20002 0.52
15367 18.08640 2.10047 0.95027 0.07988 0.56267 0.20127 0.51
60868 18.14252 1.51556 0.94776 0.07047 0.57750 0.20090 0.53
27614 18.14768 1.61544 0.94680 0.07258 0.57593 0.19868 0.52
14520 18.18126 1.62942 0.94360 0.07297 0.57451 0.20016 0.52
9296 18.20337 1.97094 0.93804 0.08025 0.57586 0.19543 0.51
23728 18.21048 2.00729 0.93648 0.08132 0.57639 0.19405 0.51
6090 18.22175 1.64998 0.93916 0.07399 0.57139 0.19921 0.53
20830 18.29112 1.65664 0.93231 0.07545 0.58018 0.19218 0.53
7661 18.31586 2.10259 0.92329 0.08443 0.57675 0.19038 0.51
8521 18.32856 2.08128 0.92222 0.08427 0.57631 0.19187 0.51
61491 18.34091 2.09454 0.92072 0.08458 0.57543 0.19181 0.51
19673 18.34692 1.62156 0.92699 0.07534 0.57790 0.18882 0.54
21128 18.34741 1.95999 0.92205 0.08213 0.58017 0.18992 0.52
8569 18.36013 1.95945 0.92085 0.08237 0.58016 0.18982 0.52
6881 18.36044 1.96862 0.92054 0.08249 0.58068 0.18960 0.52
21865 18.37393 1.97801 0.91937 0.08287 0.57884 0.19001 0.52
27509 18.37539 1.96878 0.91944 0.08283 0.57882 0.19021 0.52
20873 18.38420 2.09916 0.91582 0.08498 0.57326 0.18954 0.51
10076 18.39537 1.64962 0.92167 0.07627 0.58429 0.18487 0.54
5861 18.45574 1.55805 0.91539 0.07357 0.58554 0.18531 0.55
21691 18.46690 1.99491 0.90787 0.08258 0.58288 0.18387 0.52
16591 18.93160 2.07823 0.84424 0.06533 0.56140 0.17048 0.53
10533 18.97256 1.97514 0.84425 0.06448 0.56252 0.16798 0.54
10722 18.99195 1.57437 0.85617 0.06435 0.54031 0.17638 0.57
22422 18.99992 2.00082 0.84016 0.06415 0.55803 0.17207 0.54
15143 19.04481 1.61125 0.84940 0.06384 0.54173 0.17265 0.57
22862 19.05932 1.52891 0.85018 0.06403 0.52102 0.18416 0.56
25953 19.07051 2.02836 0.83215 0.06307 0.55408 0.16627 0.54
15286 19.07146 1.58608 0.84734 0.06399 0.53177 0.17841 0.57
29007 19.10276 1.55940 0.84517 0.06390 0.52528 0.18358 0.56
21545 19.11188 1.53231 0.84490 0.06403 0.51507 0.18417 0.56
62285 19.21790 1.99184 0.81998 0.06212 0.53711 0.16734 0.55
22876 19.22037 1.98085 0.82025 0.06207 0.53728 0.16717 0.55
27623 19.24080 1.59464 0.83131 0.06331 0.51285 0.18428 0.55
22556 19.24631 1.59259 0.83079 0.06323 0.50991 0.18376 0.55
23083 19.26555 2.05886 0.81197 0.06132 0.53401 0.16593 0.55
6963 19.33019 2.05933 0.80641 0.06081 0.52730 0.16514 0.55
14918 19.34004 1.55339 0.82229 0.06323 0.49449 0.18698 0.54
7428 19.39274 1.50529 0.81777 0.06357 0.48361 0.18357 0.51
23082 19.39564 2.06794 0.80066 0.06012 0.52697 0.16397 0.55
8740 19.40498 2.06786 0.79994 0.05986 0.52714 0.16186 0.55
6765 19.40936 1.45686 0.81646 0.06401 0.46545 0.18911 0.49
15352 19.50115 2.07972 0.79113 0.05930 0.52194 0.16196 0.56
24325 19.50191 1.56260 0.80635 0.06291 0.47518 0.17598 0.51
14959 19.62527 1.98260 0.78454 0.05800 0.50491 0.17139 0.56
27381 19.65051 1.53509 0.79229 0.06259 0.44943 0.17553 0.47
6960 19.69224 1.53840 0.78806 0.06238 0.44693 0.17328 0.47
21408 19.69812 1.53830 0.78750 0.06243 0.44514 0.17430 0.48
8007 19.71320 2.02376 0.77645 0.05777 0.49873 0.16913 0.56
21028 19.73781 1.54110 0.78363 0.06210 0.44105 0.17701 0.47
15495 19.74958 1.49008 0.78245 0.06208 0.43465 0.17723 0.45
21497 19.76519 1.58528 0.78083 0.06166 0.44302 0.17649 0.48
15221 19.77371 2.08264 0.77010 0.05690 0.49092 0.16821 0.56
7761 19.77869 1.52636 0.77958 0.06194 0.42758 0.17261 0.46
5718 19.79419 1.59540 0.77808 0.06145 0.44323 0.17701 0.48
22328 19.80877 3.04317 0.74442 0.06125 0.47071 0.15637 0.52
24155 19.84372 1.48131 0.77329 0.06122 0.42212 0.17697 0.43
15998 19.85031 1.49907 0.77256 0.06108 0.43024 0.17427 0.44
15605 19.88564 1.98251 0.76441 0.05734 0.47775 0.17061 0.56
10708 19.92388 1.52260 0.76568 0.06055 0.42271 0.17464 0.43
8174 19.92462 1.46531 0.76558 0.06058 0.41462 0.16739 0.42
8614 19.97948 1.49659 0.76059 0.06008 0.41185 0.16951 0.40
23751 20.02086 1.49978 0.75694 0.05982 0.40796 0.16983 0.41
60711 20.06462 2.07869 0.74877 0.05744 0.45709 0.16499 0.55
23097 20.07674 2.07611 0.74793 0.05785 0.45353 0.16552 0.55
10426 15.01586 2.09942 1.03810 0.02422 0.56347 0.23627 0.49
25679 15.22755 2.11152 1.03749 0.02425 0.55305 0.24309 0.49
7704 15.23634 2.10419 1.03746 0.02424 0.55159 0.24333 0.49
20949 15.38302 2.09841 1.03702 0.02424 0.55697 0.23927 0.49
24320 18.93887 1.65095 0.85944 0.06471 0.55433 0.17417 0.57
7328 18.93968 1.98401 0.84663 0.06455 0.56725 0.16608 0.54
15387 18.94628 2.04648 0.84386 0.06491 0.56209 0.17043 0.53
21085 18.96438 1.65504 0.85667 0.06416 0.55379 0.17443 0.57
61580 18.98525 2.81997 0.80391 0.06703 0.53883 0.15884 0.52
10519 19.01822 1.98077 0.83971 0.06411 0.55816 0.17021 0.54
20724 19.03029 1.61838 0.85063 0.06387 0.54388 0.17269 0.57
14921 19.04777 1.98372 0.83633 0.06332 0.55250 0.16917 0.54
61717 19.06088 2.08133 0.83072 0.06298 0.55515 0.16525 0.54
21336 19.06473 1.64009 0.84621 0.06375 0.54349 0.17530 0.57
7419 19.06693 2.08166 0.83035 0.06280 0.55571 0.16450 0.54
14853 19.11604 1.64076 0.84166 0.06321 0.53780 0.18086 0.57
10173 19.11925 2.01811 0.82823 0.06251 0.54979 0.16654 0.55
25961 19.13125 1.60444 0.84109 0.06327 0.53163 0.18124 0.57
24398 19.13776 1.97571 0.82831 0.06245 0.54386 0.16831 0.55
61680 19.15430 1.97208 0.82690 0.06231 0.54136 0.16976 0.55
22560 19.17666 1.63093 0.83609 0.06299 0.53521 0.17845 0.57
25502 19.22391 1.60304 0.83261 0.06319 0.52148 0.18148 0.55
5924 19.23839 1.56081 0.83209 0.06379 0.51097 0.18254 0.56
21690 19.24570 1.65810 0.82925 0.06267 0.51766 0.17979 0.56
15292 19.25585 2.06601 0.81282 0.06146 0.53502 0.16597 0.55
25988 19.28334 1.49918 0.82895 0.06412 0.49328 0.18627 0.53
7640 19.28681 1.57102 0.82758 0.06345 0.49946 0.18517 0.55
8225 19.29565 1.59407 0.82610 0.06295 0.50249 0.18354 0.56
21474 19.33836 1.59222 0.82170 0.06284 0.50187 0.18321 0.56
62159 19.36879 1.97791 0.80646 0.06056 0.52682 0.16574 0.56
25877 19.38159 1.57619 0.81773 0.06284 0.49645 0.18288 0.54
7749 19.39898 1.47650 0.81731 0.06372 0.48021 0.18417 0.50
10388 19.40163 1.97400 0.80444 0.06051 0.52179 0.16776 0.56
14971 19.41252 2.07307 0.79908 0.05972 0.52570 0.16311 0.55
21420 19.41606 2.00942 0.80111 0.06005 0.52411 0.16432 0.56
24825 19.45654 1.54645 0.81111 0.06313 0.47471 0.18085 0.52
22563 19.47257 2.93577 0.76324 0.06177 0.49230 0.16024 0.52
22199 19.47796 1.54813 0.80888 0.06305 0.47621 0.17598 0.52
6939 19.51217 1.57389 0.80545 0.06280 0.47696 0.17580 0.51
27715 19.51449 2.03409 0.79178 0.05923 0.52106 0.16395 0.56
6222 19.53284 2.05526 0.78942 0.05883 0.51855 0.16373 0.56
23172 19.59064 1.55076 0.79817 0.06288 0.45629 0.17871 0.48
6962 19.64459 1.52302 0.79296 0.06267 0.44644 0.17530 0.47
23412 19.65519 1.98591 0.78229 0.05819 0.50050 0.17360 0.56
20872 19.65770 1.54025 0.79164 0.06268 0.44846 0.17535 0.47
8611 19.71600 1.54994 0.78574 0.06220 0.44148 0.17408 0.47
21923 19.75752 2.02242 0.77342 0.05760 0.49556 0.16702 0.56
22739 19.75939 1.44162 0.78134 0.06219 0.42705 0.17252 0.41
6552 19.81038 1.55061 0.77650 0.06141 0.43221 0.17728 0.46
60655 19.81634 1.54396 0.77601 0.06146 0.42755 0.17542 0.46
6822 19.82830 1.54418 0.77487 0.06121 0.42417 0.17870 0.46
6840 19.83623 1.50123 0.77384 0.06123 0.42240 0.17425 0.45
21211 19.85033 1.50691 0.77254 0.06098 0.43021 0.17564 0.44
15052 19.88732 1.52183 0.76927 0.06082 0.42208 0.17109 0.43
23825 19.98164 1.53053 0.76051 0.06023 0.41558 0.17022 0.41
8186 19.98803 1.45783 0.76006 0.05984 0.41501 0.16965 0.41
27556 19.99687 1.51384 0.75933 0.06004 0.40336 0.17056 0.41
6935 20.07223 1.49725 0.75178 0.05928 0.40308 0.16530 0.42
24650 20.09266 1.54290 0.74982 0.05940 0.41177 0.16744 0.41
10123 20.21713 1.45942 0.73903 0.05765 0.39073 0.15967 0.40
22877 14.57485 2.63189 1.03925 0.02422 0.57509 0.22630 0.49
8126 14.82989 2.09749 1.03854 0.02421 0.56590 0.23262 0.49
8504 15.32744 1.66869 1.03715 0.02434 0.56916 0.24321 0.47
6670 15.36530 2.09604 1.03707 0.02425 0.55595 0.23871 0.49
16052 18.91066 1.96022 0.85078 0.06567 0.56720 0.16619 0.54
6154 18.94119 1.95246 0.84760 0.06481 0.56725 0.16565 0.54
15650 18.94450 2.08213 0.84259 0.06516 0.55987 0.17124 0.53
21305 18.96747 1.97038 0.84486 0.06447 0.56320 0.16783 0.54
10706 18.97144 2.08703 0.83971 0.06463 0.56018 0.16864 0.53
9191 18.97203 2.04965 0.84110 0.06466 0.56002 0.17118 0.54
21516 18.98889 1.63244 0.85474 0.06414 0.54647 0.17357 0.57
6965 18.99579 2.09664 0.83718 0.06434 0.55711 0.16741 0.53
19475 19.01422 2.10996 0.83442 0.06394 0.55743 0.16641 0.53
7880 19.04706 1.66417 0.84716 0.06387 0.55077 0.17458 0.57
26929 19.05592 2.09809 0.83049 0.06304 0.55559 0.16462 0.54
25493 19.13503 2.02377 0.82669 0.06265 0.54462 0.16669 0.55
16008 19.17832 1.97389 0.82456 0.06241 0.54012 0.16597 0.55
7332 19.18461 3.17875 0.77346 0.06447 0.50343 0.16321 0.51
15100 19.19191 2.00402 0.82197 0.06238 0.53876 0.16782 0.55
15285 19.21608 1.53759 0.83474 0.06388 0.50810 0.18177 0.55
23840 19.23200 2.00104 0.81800 0.06173 0.53727 0.16818 0.55
60762 19.25940 1.97214 0.81662 0.06138 0.53318 0.16869 0.55
10650 19.31763 2.00031 0.80937 0.06047 0.53242 0.16588 0.55
7329 19.33718 2.04692 0.80650 0.06079 0.52723 0.16569 0.55
27390 19.34730 1.62325 0.81998 0.06238 0.49900 0.18270 0.57
16586 19.36015 2.02907 0.80540 0.06062 0.52773 0.16298 0.55
24319 19.36051 1.98893 0.80675 0.06059 0.52614 0.16730 0.55
15581 19.38167 2.06163 0.80197 0.06017 0.52963 0.16312 0.55
7129 19.40072 1.41332 0.81750 0.06416 0.44970 0.18209 0.46
5868 19.40140 1.52578 0.81666 0.06346 0.48464 0.18316 0.52
21175 19.43444 2.04579 0.79815 0.05956 0.52629 0.16222 0.56
21261 19.46219 2.01781 0.79678 0.05919 0.52491 0.16266 0.56
23639 19.46533 1.96386 0.79842 0.05921 0.51928 0.16708 0.56
6555 19.53445 1.98232 0.79174 0.05911 0.51600 0.16470 0.57
61530 19.56832 1.61928 0.79947 0.06218 0.47790 0.17631 0.53
25689 19.67532 1.57736 0.78964 0.06231 0.46043 0.17662 0.48
22144 19.71730 1.60562 0.78562 0.06201 0.45492 0.17416 0.50
23267 19.78366 1.55370 0.77918 0.06168 0.42793 0.17535 0.46
23860 19.79017 1.55711 0.77858 0.06166 0.43303 0.17536 0.46
21000 19.79278 1.65580 0.77809 0.06126 0.45878 0.17754 0.50
16679 19.83141 1.45689 0.77435 0.06132 0.42365 0.17705 0.42
6710 19.84252 1.54742 0.77343 0.06122 0.42756 0.17954 0.46
15060 19.84540 1.49851 0.77296 0.06108 0.42524 0.17513 0.44
8188 19.85579 1.56730 0.77230 0.06118 0.42762 0.17376 0.45
10209 19.86424 1.57791 0.77150 0.06105 0.43076 0.17545 0.46
24200 19.87016 1.59922 0.77084 0.06095 0.43441 0.17863 0.46
27451 19.92461 1.58313 0.76566 0.06062 0.42684 0.17555 0.45
20814 19.95186 1.53428 0.76312 0.06053 0.42331 0.17470 0.42
25595 19.98461 3.00367 0.73777 0.06125 0.45984 0.15576 0.52
22390 20.05814 1.54442 0.75301 0.05945 0.40272 0.16523 0.42
24079 20.15324 1.49865 0.74395 0.05874 0.40432 0.16166 0.41
62253 20.18471 1.65432 0.74157 0.05880 0.40987 0.16308 0.43
23805 20.25864 1.51999 0.73538 0.05778 0.39557 0.15949 0.42
6211 14.79130 2.62743 1.03876 0.02419 0.57070 0.22510 0.49
11335 18.96113 1.55083 0.86002 0.06495 0.53915 0.17919 0.57
62286 18.98165 1.64221 0.85524 0.06421 0.54979 0.17190 0.57
6738 19.00357 1.97492 0.84103 0.06430 0.55676 0.17189 0.54
15177 19.00625 1.95213 0.84144 0.06408 0.55783 0.17178 0.54
22776 19.01490 1.96656 0.84027 0.06402 0.55720 0.17071 0.54
21278 19.07982 1.96828 0.83347 0.06301 0.55442 0.16730 0.55
21819 19.08302 1.63824 0.84484 0.06350 0.54172 0.17820 0.57
62041 19.08693 2.07871 0.82880 0.06263 0.55208 0.16521 0.54
10155 19.10850 1.63666 0.84253 0.06325 0.54037 0.17893 0.57
60774 19.13321 1.61180 0.84073 0.06316 0.53166 0.18154 0.57
6153 19.16503 1.64106 0.83676 0.06279 0.53334 0.17988 0.57
23240 19.17232 1.96673 0.82573 0.06247 0.54244 0.16654 0.55
5937 19.18123 1.62154 0.83597 0.06304 0.53255 0.18023 0.56
23637 19.19195 2.10917 0.81701 0.06215 0.53912 0.16650 0.54
27190 19.22280 3.13083 0.77263 0.06424 0.50326 0.16257 0.51
8621 19.22793 1.97240 0.81982 0.06196 0.53745 0.16704 0.55
23686 19.26112 2.10286 0.81057 0.06140 0.53644 0.16502 0.54
24602 19.27091 1.96766 0.81565 0.06142 0.53092 0.16784 0.55
14854 19.28704 1.98109 0.81346 0.06127 0.53333 0.16669 0.55
23264 19.29000 2.03069 0.81088 0.06107 0.53452 0.16449 0.55
62118 19.29156 1.97690 0.81304 0.06105 0.53276 0.16610 0.55
10316 19.30033 1.98018 0.81175 0.06132 0.53081 0.16587 0.55
62108 19.30344 2.11338 0.80628 0.06084 0.53254 0.16122 0.54
24656 19.31896 1.96194 0.81057 0.06081 0.52841 0.16594 0.56
62243 19.33129 2.10488 0.80445 0.06090 0.53099 0.16072 0.55
21816 19.33167 2.06197 0.80626 0.06080 0.52748 0.16470 0.55
7487 19.35892 1.62724 0.81887 0.06237 0.50057 0.18121 0.57
10788 19.36255 2.00655 0.80604 0.06051 0.52544 0.16549 0.55
16587 19.38557 2.09654 0.80025 0.06009 0.52968 0.16321 0.55
8314 19.38637 1.97966 0.80541 0.06051 0.52431 0.16539 0.56
8644 19.39758 3.04691 0.76420 0.06260 0.49422 0.16042 0.52
25960 19.43726 1.95847 0.80168 0.06024 0.52004 0.16800 0.56
27466 19.48662 1.62949 0.80704 0.06224 0.48545 0.17562 0.55
61556 19.49945 1.45686 0.80744 0.06338 0.45122 0.17639 0.47
7596 19.50106 1.58163 0.80619 0.06273 0.48236 0.17242 0.52
62261 19.52300 2.02719 0.79139 0.05927 0.51975 0.16418 0.56
23609 19.52393 2.04278 0.79072 0.05941 0.52034 0.16282 0.56
27019 19.52779 2.04392 0.79039 0.05920 0.51948 0.16383 0.56
24250 19.57259 1.98219 0.78867 0.05864 0.51265 0.16678 0.56
6082 19.58091 2.02279 0.78652 0.05830 0.51390 0.16302 0.56
27477 19.63264 2.07784 0.78056 0.05771 0.50643 0.16565 0.56
7713 19.63374 1.96964 0.78426 0.05806 0.50322 0.17122 0.56
21030 19.63699 1.63547 0.79283 0.06180 0.46807 0.17584 0.51
16306 19.64890 1.98233 0.78274 0.05812 0.50194 0.17292 0.56
25643 19.64918 1.60347 0.79197 0.06205 0.46400 0.17830 0.50
24035 19.66587 1.51281 0.79077 0.06251 0.44728 0.17400 0.47
25503 19.68313 1.62073 0.78873 0.06198 0.46635 0.17546 0.50
21231 19.71833 1.57622 0.78556 0.06227 0.44862 0.17631 0.47
21473 19.72786 1.99522 0.77652 0.05784 0.49494 0.16987 0.56
24143 19.73223 1.96190 0.77726 0.05813 0.49355 0.17031 0.56
60416 19.74602 1.60366 0.78266 0.06179 0.45181 0.17301 0.49
20869 19.74611 1.57602 0.78279 0.06197 0.43971 0.17381 0.47
61770 19.75438 2.08217 0.77151 0.05712 0.49551 0.16730 0.57
25554 19.76654 2.06478 0.77125 0.05707 0.49402 0.16728 0.56
62091 19.81969 1.60277 0.77556 0.06130 0.44280 0.17650 0.48
22220 19.84157 1.53860 0.77352 0.06119 0.42457 0.17892 0.45
15730 19.84732 1.60651 0.77300 0.06099 0.43767 0.17822 0.47
21468 19.84783 1.55261 0.77295 0.06111 0.42619 0.17809 0.45
15376 19.87063 1.51806 0.77074 0.06103 0.42452 0.17597 0.42
5848 19.88611 1.53254 0.76937 0.06079 0.42488 0.17544 0.43
24213 19.89687 1.54178 0.76834 0.06077 0.41963 0.17198 0.43
10070 19.89809 1.56285 0.76821 0.06075 0.41814 0.17382 0.44
10097 19.91303 1.53719 0.76685 0.06056 0.41490 0.17128 0.43
7144 19.98704 2.04115 0.75600 0.05725 0.46250 0.16234 0.55
22732 19.99540 1.98419 0.75645 0.05751 0.45833 0.16088 0.54
62181 20.02507 1.52652 0.75655 0.05999 0.40403 0.16499 0.42
22153 20.02641 1.49259 0.75636 0.05976 0.41065 0.16811 0.41
23854 20.05858 1.55499 0.75297 0.05953 0.40735 0.16652 0.42
15050 20.09231 1.56370 0.74976 0.05939 0.40676 0.16635 0.42
25926 20.10436 1.51846 0.74853 0.05936 0.41144 0.16623 0.41
24692 20.18994 1.60677 0.74117 0.05865 0.40777 0.16338 0.42
21943 20.27535 1.58817 0.73368 0.05787 0.40148 0.16239 0.42
62218 12.92578 1.72156 1.04193 0.02434 0.60676 0.22629 0.46
15392 18.93904 2.10561 0.84198 0.06513 0.56169 0.16958 0.53
24732 18.94076 1.96460 0.84706 0.06467 0.56702 0.16574 0.54
7574 18.97750 1.96047 0.84437 0.06448 0.56232 0.16794 0.54
23123 18.98225 1.99812 0.84237 0.06441 0.56060 0.17114 0.54
10583 18.98502 1.99014 0.84236 0.06441 0.56013 0.17188 0.54
10727 19.00049 1.94509 0.84237 0.06403 0.56088 0.17114 0.54
24836 19.03406 2.02847 0.83588 0.06354 0.55430 0.16805 0.54
5617 19.04524 1.66526 0.84741 0.06402 0.55094 0.17320 0.57
8030 19.09875 1.97699 0.83148 0.06244 0.55263 0.16662 0.55
24005 19.10309 1.67092 0.84191 0.06320 0.54341 0.17837 0.57
61748 19.10877 2.10933 0.82550 0.06327 0.54763 0.16573 0.54
6838 19.11495 1.64518 0.84166 0.06322 0.53790 0.18113 0.57
8228 19.13345 1.64968 0.83985 0.06309 0.53943 0.17958 0.57
21269 19.13977 1.57748 0.84101 0.06328 0.52509 0.18236 0.57
16687 19.15402 2.00843 0.82550 0.06255 0.54458 0.16532 0.55
23283 19.15434 1.96046 0.82736 0.06235 0.54162 0.16995 0.55
16603 19.15716 1.95662 0.82719 0.06229 0.54116 0.16993 0.55
22766 19.16907 1.94489 0.82668 0.06226 0.54093 0.16746 0.55
6376 19.19950 1.96815 0.82290 0.06220 0.53781 0.16647 0.55
10062 13.30534 1.55729 1.04203 0.02442 0.60359 0.22775 0.47
