# 
# Subset of stars selected as members
# M1: primary mass
# M2: secondary mass (if binary system)
# P_binar: binary probability
# 
ID Mag Col M1 M1_std M2 M2_std P_binar
5475 14.64154 1.67883 0.82793 0.02164 0.47777 0.17760 0.47
3882 14.26601 1.69737 0.82723 0.02097 0.47237 0.18067 0.48
5115 14.74128 1.80985 0.82894 0.02258 0.47721 0.18370 0.47
4501 15.08357 1.61399 0.82704 0.02168 0.47315 0.18724 0.47
4909 13.91407 1.63348 0.82659 0.02046 0.48235 0.18601 0.48
5029 14.91199 1.66651 0.82784 0.02209 0.47010 0.18465 0.48
4730 15.38378 1.59123 0.82580 0.02125 0.47849 0.19468 0.46
4729 13.16215 2.01781 0.82500 0.01975 0.47619 0.19782 0.46
4823 16.13220 1.54670 0.82345 0.01960 0.48060 0.18834 0.45
5477 12.58220 2.45020 0.82473 0.01947 0.47852 0.19568 0.47
5033 14.75662 1.64894 0.82776 0.02167 0.47462 0.18126 0.47
4442 15.97912 1.12178 0.82458 0.01907 0.48217 0.19556 0.50
4913 13.27452 2.01813 0.82509 0.01982 0.47678 0.19638 0.46
4912 12.80443 2.33974 0.82476 0.01950 0.47884 0.19549 0.47
4497 16.09535 1.56762 0.82350 0.01978 0.47955 0.19114 0.45
5528 16.54698 0.66835 0.82356 0.01876 0.44511 0.18388 0.50
3906 13.28867 1.99150 0.82514 0.01986 0.47735 0.19734 0.46
3916 15.70032 1.58773 0.82488 0.02049 0.49305 0.19729 0.47
3794 16.47892 1.53961 0.82309 0.01973 0.47057 0.17396 0.47
5099 16.22064 1.13069 0.82412 0.01913 0.46939 0.18587 0.50
4697 16.31937 1.24008 0.82380 0.01919 0.46955 0.17864 0.49
3907 16.13835 1.59518 0.82372 0.02001 0.47747 0.18515 0.45
5008 16.39447 1.64728 0.82490 0.02130 0.48462 0.17151 0.48
5555 15.30904 1.76159 0.82921 0.02346 0.48453 0.19147 0.48
3707 16.19909 1.56494 0.82352 0.01979 0.47525 0.18353 0.46
4951 15.08157 1.35989 0.82570 0.02055 0.46864 0.19087 0.49
4971 17.00180 1.44727 0.82149 0.01925 0.45420 0.18233 0.47
3880 16.56977 1.44984 0.82262 0.01956 0.46168 0.17134 0.48
5489 16.93948 1.38063 0.82150 0.01905 0.46007 0.18115 0.49
4810 16.17162 0.73350 0.82423 0.01893 0.47462 0.18707 0.50
5039 16.76381 1.52856 0.82255 0.02004 0.45323 0.17835 0.47
3917 17.49573 1.49481 0.82019 0.01871 0.46387 0.19413 0.46
5557 14.04620 1.82392 0.82703 0.02088 0.47668 0.18434 0.47
4986 17.15370 1.33290 0.82095 0.01875 0.46354 0.18707 0.50
4786 14.85047 1.55482 0.82713 0.02146 0.46671 0.18420 0.47
4988 15.21918 1.62132 0.82668 0.02166 0.47042 0.18851 0.47
3946 15.37666 1.76311 0.82928 0.02357 0.49148 0.19262 0.48
5572 17.76448 0.47957 0.81895 0.01858 0.52441 0.19994 0.50
3994 16.65222 0.82660 0.82313 0.01876 0.44265 0.18601 0.50
4446 15.49813 1.53514 0.82492 0.02048 0.48989 0.19355 0.46
4476 16.54438 0.59011 0.82362 0.01876 0.44663 0.18641 0.50
3806 16.74260 0.60780 0.82305 0.01870 0.44511 0.18574 0.50
3911 15.59799 1.45736 0.82436 0.01983 0.49041 0.19738 0.48
3819 16.25109 0.93381 0.82405 0.01888 0.47120 0.18974 0.50
5505 17.69749 0.67019 0.81934 0.01858 0.50994 0.20023 0.50
5545 16.79775 1.27933 0.82187 0.01897 0.46006 0.17628 0.49
3784 17.38868 1.41729 0.82045 0.01871 0.46448 0.19292 0.48
3915 14.26811 1.81788 0.82774 0.02144 0.47374 0.18004 0.48
4510 16.56209 1.49325 0.82272 0.01974 0.46405 0.17185 0.47
5479 16.69230 1.57366 0.82274 0.02025 0.45237 0.17489 0.47
3712 16.91039 1.51253 0.82216 0.01996 0.45300 0.17523 0.47
3905 13.00146 2.19084 0.82484 0.01958 0.47721 0.19577 0.47
3900 13.93249 1.58249 0.82659 0.02046 0.48136 0.18569 0.48
4525 18.25122 1.29152 0.81734 0.01846 0.50829 0.18937 0.52
3971 13.49798 1.82061 0.82562 0.02015 0.48217 0.19443 0.47
5585 17.22880 1.50757 0.82102 0.01908 0.45516 0.18346 0.46
5507 17.93643 1.27053 0.81875 0.01854 0.49051 0.19346 0.51
3910 15.10361 1.51867 0.82632 0.02114 0.46988 0.18777 0.48
3919 14.53209 1.54146 0.82753 0.02116 0.48163 0.17807 0.48
4808 15.97308 1.42621 0.82385 0.01925 0.49353 0.19773 0.48
5474 15.10160 1.61941 0.82704 0.02160 0.47237 0.18801 0.47
3883 15.98281 1.53944 0.82358 0.01961 0.48129 0.19405 0.47
4954 17.07201 1.36974 0.82120 0.01889 0.45713 0.18612 0.49
4431 18.05967 1.43769 0.81834 0.01850 0.47816 0.18484 0.47
4469 15.36437 1.71351 0.82774 0.02268 0.48581 0.19389 0.47
3980 16.59677 1.59031 0.82336 0.02047 0.46678 0.17209 0.47
4453 17.88790 1.39326 0.81901 0.01867 0.47040 0.19057 0.49
3939 17.97024 1.39614 0.81872 0.01865 0.47911 0.18959 0.50
3901 15.85309 1.60588 0.82495 0.02066 0.49097 0.19550 0.46
3938 17.79063 1.19560 0.81922 0.01858 0.49262 0.19859 0.50
3956 15.72993 1.59107 0.82497 0.02059 0.49017 0.19652 0.47
4461 18.32655 1.32812 0.81699 0.01842 0.48485 0.19181 0.52
4982 18.36589 1.11865 0.81638 0.01839 0.55344 0.18845 0.54
5007 17.10044 1.52237 0.82149 0.01951 0.44592 0.18456 0.46
4815 17.77172 1.43587 0.81939 0.01868 0.46235 0.19611 0.47
4746 18.22534 1.32486 0.81751 0.01846 0.49950 0.18572 0.51
3981 17.20411 1.52410 0.82110 0.01912 0.45668 0.18535 0.47
4799 18.32766 1.43560 0.81707 0.01844 0.46186 0.18340 0.47
5012 18.01622 1.31956 0.81847 0.01852 0.49270 0.19223 0.51
5571 17.06428 0.61327 0.82163 0.01842 0.46851 0.19233 0.50
3836 18.30467 1.26367 0.81703 0.01843 0.51064 0.19094 0.53
3914 15.35473 1.45640 0.82512 0.02047 0.48074 0.19414 0.48
5558 18.82147 1.60510 0.81561 0.02451 0.43098 0.16725 0.48
5026 17.62715 1.14647 0.81973 0.01860 0.48937 0.20012 0.50
4760 18.46956 1.37332 0.81608 0.01839 0.46208 0.17476 0.50
5566 15.10615 1.79540 0.82981 0.02381 0.47891 0.18983 0.48
4506 16.58911 1.44195 0.82257 0.01954 0.46296 0.17002 0.48
5015 16.46103 1.44388 0.82305 0.01963 0.46392 0.17238 0.48
4459 18.12987 1.36834 0.81799 0.01848 0.49815 0.18480 0.50
4414 18.71263 1.33640 0.81373 0.01843 0.46517 0.18118 0.51
5646 18.34156 1.51612 0.81707 0.01844 0.44827 0.18031 0.46
3979 18.18608 1.58930 0.81826 0.01925 0.45528 0.17930 0.47
4773 19.17503 1.34059 0.80561 0.01916 0.45526 0.17091 0.50
4920 16.80049 0.63900 0.82281 0.01868 0.44551 0.18741 0.50
5533 18.12935 0.67127 0.81711 0.01845 0.56895 0.19105 0.51
4972 17.47490 0.53064 0.82005 0.01856 0.50091 0.20311 0.50
5003 14.89796 1.64038 0.82765 0.02202 0.46814 0.18425 0.48
3931 17.65526 1.23323 0.81967 0.01860 0.48502 0.19970 0.50
4732 18.10277 1.39280 0.81813 0.01849 0.49417 0.18643 0.48
4508 17.45183 0.49202 0.82015 0.01853 0.50030 0.20315 0.50
3774 17.34362 1.35679 0.82055 0.01873 0.47112 0.19342 0.49
5490 17.47881 1.36326 0.82018 0.01864 0.47603 0.19616 0.49
3909 16.38997 1.47850 0.82316 0.01951 0.46573 0.17557 0.48
5101 18.49652 1.71268 0.82555 0.03121 0.41641 0.17182 0.50
4483 19.01032 1.15764 0.80873 0.01851 0.51890 0.17995 0.55
5019 17.19692 1.46651 0.82100 0.01894 0.45679 0.18769 0.47
4004 18.56696 1.55200 0.81587 0.01917 0.42306 0.17114 0.48
3925 17.17401 1.28555 0.82086 0.01868 0.46775 0.18968 0.50
4762 18.43153 1.39859 0.81639 0.01841 0.45632 0.18068 0.49
4484 19.03125 1.16810 0.80838 0.01855 0.51854 0.17819 0.55
4985 18.98337 1.83070 0.82473 0.03913 0.41530 0.17796 0.48
4445 16.73574 0.67724 0.82301 0.01871 0.44474 0.18632 0.50
3988 17.09167 1.50728 0.82139 0.01927 0.44474 0.18473 0.47
4925 16.38183 0.93501 0.82384 0.01896 0.45200 0.18169 0.49
4945 16.91509 1.32223 0.82152 0.01899 0.46129 0.18248 0.49
5054 18.14203 1.28386 0.81787 0.01848 0.50500 0.18806 0.52
3776 19.16927 1.17567 0.80536 0.01882 0.49289 0.18285 0.54
4462 18.55465 1.42828 0.81548 0.01842 0.44867 0.17394 0.48
4977 16.29111 1.24634 0.82389 0.01918 0.46989 0.18212 0.49
3969 15.81105 1.58640 0.82463 0.02031 0.49234 0.19808 0.46
4478 17.35997 0.59233 0.82049 0.01853 0.49172 0.19906 0.50
5060 18.94336 1.42080 0.81069 0.01869 0.44615 0.17113 0.47
3798 17.02675 1.50215 0.82175 0.01969 0.45289 0.18270 0.46
4768 16.26755 1.48172 0.82349 0.01942 0.47047 0.17538 0.47
3727 17.95002 1.38337 0.81879 0.01865 0.48378 0.19111 0.50
3964 18.50034 1.59722 0.81738 0.02144 0.42405 0.17012 0.48
3718 18.82088 1.41067 0.81257 0.01852 0.44165 0.17116 0.48
3650 19.24572 1.17793 0.80354 0.01902 0.48557 0.18329 0.51
4995 18.57241 1.36419 0.81525 0.01843 0.46566 0.17752 0.50
5063 18.78861 1.61424 0.81660 0.02547 0.43325 0.16342 0.48
5020 15.19146 1.49481 0.82595 0.02100 0.46690 0.18913 0.47
4496 19.27231 0.97546 0.80189 0.01893 0.47534 0.18090 0.49
3796 19.01939 1.34935 0.80911 0.01887 0.45857 0.17911 0.49
3962 16.70521 1.01013 0.82267 0.01874 0.45165 0.18463 0.50
4505 19.15363 1.22544 0.80588 0.01887 0.48372 0.17845 0.53
4409 16.29717 1.11051 0.82400 0.01914 0.46271 0.18497 0.49
3717 17.72379 1.57219 0.81986 0.01911 0.44159 0.19071 0.47
4779 19.51258 0.84978 0.79747 0.01982 0.44863 0.17938 0.49
4978 17.30027 1.14629 0.82059 0.01867 0.48592 0.19219 0.50
3793 19.01309 1.51075 0.80984 0.01967 0.43556 0.17042 0.47
4512 18.94422 1.16241 0.80994 0.01846 0.52719 0.18294 0.56
3991 18.04129 1.41762 0.81841 0.01852 0.47991 0.18747 0.48
4989 16.61237 0.85121 0.82322 0.01877 0.44557 0.18509 0.50
4539 18.66449 0.57981 0.81106 0.01787 0.58374 0.18476 0.51
3965 16.32806 1.52146 0.82336 0.01961 0.46928 0.17326 0.47
5553 16.15278 1.53956 0.82344 0.01958 0.47821 0.18452 0.45
4983 18.64247 1.25883 0.81436 0.01839 0.50773 0.18286 0.53
3913 15.71744 1.54659 0.82432 0.01993 0.49123 0.19623 0.47
3736 19.40188 1.49391 0.79951 0.02001 0.47064 0.17692 0.50
3758 18.98869 1.85669 0.82541 0.03939 0.41464 0.17866 0.48
3976 17.67994 1.53537 0.81984 0.01897 0.44148 0.19312 0.47
5579 18.84738 1.30924 0.81197 0.01850 0.47013 0.17605 0.51
4957 18.49517 1.20291 0.81558 0.01837 0.52055 0.18763 0.54
5055 14.72732 0.84751 0.82553 0.01995 0.46646 0.18933 0.49
3781 17.50451 1.45663 0.82017 0.01871 0.46452 0.19426 0.47
3935 18.02266 1.57998 0.81889 0.01924 0.45143 0.18088 0.47
3978 16.27506 1.63041 0.82446 0.02108 0.47670 0.17981 0.46
4438 15.72232 1.45805 0.82410 0.01942 0.49290 0.19716 0.48
4396 16.99686 1.57875 0.82257 0.02073 0.45259 0.18130 0.46
5531 17.84839 1.52867 0.81918 0.01867 0.45025 0.18701 0.46
4990 18.03064 1.27785 0.81838 0.01851 0.50609 0.19104 0.51
4914 15.66736 1.66303 0.82655 0.02195 0.49096 0.19655 0.47
5000 16.74980 1.37856 0.82211 0.01927 0.45858 0.17428 0.49
3948 16.07643 1.44605 0.82374 0.01933 0.49056 0.19408 0.47
5551 16.29784 0.93089 0.82400 0.01892 0.46124 0.18469 0.50
5494 18.09707 1.60571 0.81887 0.01969 0.45358 0.18060 0.48
4367 17.87117 1.36241 0.81906 0.01867 0.47616 0.19281 0.49
4345 15.76834 1.32775 0.82418 0.01914 0.50406 0.19697 0.49
3923 17.73750 1.37400 0.81948 0.01859 0.47014 0.19759 0.49
4404 16.78249 1.76178 0.83280 0.02849 0.46037 0.17811 0.50
4441 17.07926 1.43452 0.82122 0.01894 0.44749 0.18572 0.48
4005 18.42601 1.60909 0.81786 0.02146 0.42960 0.17510 0.48
4999 16.33251 1.40378 0.82344 0.01926 0.46957 0.17695 0.48
3797 17.03075 0.53341 0.82185 0.01839 0.46404 0.19017 0.50
3817 16.09306 1.30768 0.82439 0.01922 0.48253 0.19311 0.49
3966 16.00164 1.48809 0.82356 0.01945 0.49158 0.19366 0.48
4926 16.55123 1.44909 0.82276 0.01959 0.45972 0.17180 0.48
3961 17.55563 1.63866 0.82237 0.02212 0.45271 0.18997 0.48
3723 17.80453 0.97119 0.81910 0.01857 0.50497 0.20165 0.51
3957 17.74453 1.34199 0.81943 0.01859 0.47789 0.19692 0.50
3829 18.25304 1.33065 0.81736 0.01846 0.49486 0.18796 0.51
4403 13.05704 2.15273 0.82487 0.01963 0.47672 0.19518 0.47
3928 17.37019 1.54095 0.82067 0.01900 0.44847 0.18689 0.47
4523 17.80095 1.44485 0.81931 0.01868 0.46449 0.19324 0.47
4437 16.10856 1.06888 0.82434 0.01907 0.47643 0.18731 0.49
4817 17.79732 1.46059 0.81932 0.01868 0.46122 0.19220 0.46
4341 15.93438 1.68992 0.82741 0.02317 0.48006 0.19241 0.47
3867 18.39212 1.32263 0.81657 0.01841 0.48961 0.18789 0.51
5501 18.39419 1.57636 0.81720 0.01923 0.43324 0.17558 0.47
4924 16.76911 1.36111 0.82203 0.01927 0.45848 0.17570 0.49
5530 15.94815 1.69316 0.82757 0.02331 0.47785 0.19321 0.47
4659 16.86190 1.05557 0.82183 0.01862 0.46113 0.18365 0.50
3788 17.43462 1.65703 0.82346 0.02288 0.45636 0.18538 0.49
5083 18.06761 1.45037 0.81831 0.01850 0.47536 0.18398 0.47
5013 16.60782 0.86913 0.82321 0.01877 0.44594 0.18529 0.50
5041 17.29060 1.38007 0.82067 0.01874 0.47145 0.19191 0.49
3755 18.20929 1.47934 0.81772 0.01848 0.46645 0.18183 0.47
4444 16.20860 1.52813 0.82344 0.01953 0.47520 0.17778 0.46
4397 18.11387 1.20693 0.81795 0.01846 0.51755 0.19277 0.52
4458 18.39541 1.41441 0.81666 0.01840 0.46312 0.18203 0.49
5486 17.60850 1.40094 0.81984 0.01861 0.46844 0.19703 0.49
5004 18.05995 1.31468 0.81827 0.01850 0.50473 0.18849 0.50
5011 18.21456 1.53256 0.81773 0.01847 0.45716 0.17754 0.47
3706 16.06046 1.89191 0.83344 0.02766 0.47878 0.19764 0.49
4797 16.58598 1.78783 0.83299 0.02824 0.47372 0.17377 0.50
3970 17.49245 1.45448 0.82019 0.01871 0.46405 0.19385 0.47
3967 16.08908 1.02681 0.82436 0.01908 0.47937 0.18673 0.50
4858 18.33245 1.20650 0.81677 0.01840 0.52901 0.19165 0.53
4412 16.97799 1.45596 0.82157 0.01927 0.45625 0.18250 0.47
3754 16.80225 1.17298 0.82190 0.01875 0.46361 0.17931 0.50
4455 18.36467 1.54857 0.81700 0.01853 0.44467 0.17906 0.47
3986 16.47483 1.50698 0.82304 0.01963 0.47260 0.17431 0.47
4923 16.74178 1.45962 0.82228 0.01958 0.45354 0.17581 0.47
4997 17.53256 1.45460 0.82006 0.01863 0.45795 0.19755 0.47
4475 17.38622 1.69872 0.82825 0.02760 0.45524 0.18362 0.50
4477 18.47437 1.47984 0.81620 0.01843 0.43447 0.17257 0.47
4737 17.93389 1.15958 0.81872 0.01853 0.50170 0.19607 0.51
4927 16.99201 1.34734 0.82134 0.01887 0.45631 0.18538 0.49
4009 17.33806 1.33284 0.82055 0.01872 0.47471 0.19332 0.50
4349 18.04664 1.44248 0.81845 0.01863 0.47470 0.18654 0.47
5023 17.33571 1.36938 0.82056 0.01873 0.47411 0.19399 0.49
5476 15.71225 1.36107 0.82423 0.01925 0.49482 0.19819 0.49
4854 18.08470 1.38740 0.81821 0.01849 0.49571 0.18680 0.49
4802 18.24936 1.34305 0.81739 0.01846 0.49100 0.18600 0.51
3728 17.56037 1.51179 0.82011 0.01889 0.45519 0.19444 0.46
3889 15.88647 1.90220 0.83291 0.02702 0.48875 0.19824 0.48
4727 15.74613 1.71008 0.82765 0.02278 0.49206 0.19861 0.48
3715 17.66953 0.49119 0.81935 0.01856 0.51435 0.20036 0.50
4921 18.00591 1.24844 0.81847 0.01853 0.49948 0.19248 0.51
5499 17.70920 1.26729 0.81953 0.01859 0.48464 0.19853 0.50
4979 17.68106 1.20026 0.81959 0.01860 0.48575 0.19751 0.50
3934 17.84672 1.68929 0.82626 0.02725 0.44310 0.18507 0.49
4432 18.25798 1.39197 0.81738 0.01846 0.47702 0.18466 0.49
4350 17.79513 1.50545 0.81934 0.01868 0.45018 0.18967 0.46
4942 18.02519 1.61127 0.81942 0.01999 0.45259 0.18120 0.48
3795 17.99505 1.07174 0.81838 0.01854 0.51565 0.19645 0.51
4932 18.31670 1.36298 0.81707 0.01845 0.47964 0.19119 0.51
3624 18.17237 1.67149 0.82325 0.02608 0.45422 0.18217 0.49
4794 18.50999 1.32027 0.81569 0.01840 0.48588 0.17952 0.52
4474 17.74353 1.35925 0.81944 0.01858 0.47355 0.19658 0.50
4667 17.75220 1.32621 0.81940 0.01858 0.48124 0.19646 0.50
4959 17.92854 1.20130 0.81875 0.01853 0.49679 0.19587 0.51
4740 17.84865 1.30486 0.81913 0.01867 0.48490 0.19397 0.50
4975 18.40040 0.70508 0.81489 0.01833 0.57986 0.18618 0.52
3895 14.34155 0.91410 0.82664 0.02033 0.47446 0.18530 0.49
3904 12.73409 2.25465 0.82475 0.01950 0.47894 0.19551 0.47
3813 13.35208 1.50486 0.82541 0.01993 0.47953 0.19763 0.48
5539 14.21961 0.83118 0.82658 0.02025 0.47183 0.18625 0.49
4742 17.62033 0.81017 0.81967 0.01860 0.50291 0.20086 0.50
4457 17.83526 0.62061 0.81877 0.01855 0.52423 0.20216 0.50
5010 17.12802 2.24218 0.83636 0.03222 0.45109 0.18165 0.49
4436 17.30633 0.58950 0.82069 0.01849 0.48906 0.19580 0.50
3933 17.30186 0.72042 0.82063 0.01856 0.49041 0.19435 0.50
4516 17.30407 0.71741 0.82063 0.01856 0.48931 0.19474 0.50
5482 17.25501 0.64168 0.82085 0.01850 0.48833 0.19283 0.50
3866 17.58596 2.25833 0.83734 0.03439 0.44198 0.18397 0.49
